variable,median,lowera,uppera,lowerb,upperb,date,LUR,dl4pmcg,DLAENA_EST,DLWPI_EST
<<<<<<< Updated upstream
<<<<<<< Updated upstream
<<<<<<< Updated upstream
<<<<<<< Updated upstream
<<<<<<< Updated upstream
NAIRU[1],5.7890854921997015,5.471558676647594,6.081879190966308,5.590541501121538,5.9805168997308655,1997 Q4,7.976871933333333,6.3871470386661855,0.4,0.8968669982760247
NAIRU[2],5.8420922128666835,5.502765625045655,6.1540904425043,5.630109873353826,6.044387085076952,1998 Q1,7.8403206,8.205906323515144,0,0.8888947417245774
NAIRU[3],5.892951852599606,5.5388174940110835,6.231627828476243,5.672973406079048,6.105621973146888,1998 Q2,7.7336126,10.244080555449209,0.4,0.7347571630394789
NAIRU[4],5.944706304459858,5.5794178116120605,6.298008629042617,5.716391843267763,6.168727193739566,1998 Q3,7.7878253,11.102625319350423,3.1,0.729397836255341
NAIRU[5],5.98337332007746,5.610372192469441,6.350910299047493,5.748849204464484,6.212889049163371,1998 Q4,7.3745465999999995,6.51638942498538,0.2,0.7241161256559714
NAIRU[6],6.020984850690606,5.63773427646329,6.4014148756873555,5.785853821494316,6.2578762237321435,1999 Q1,7.0822801,3.2587647998844282,0.2,0.862074304390692
NAIRU[7],6.049634944577955,5.6595468026639875,6.438838076188314,5.809364239741013,6.295514851023395,1999 Q2,6.885881366666666,-1.1469027348764982,1.6,0.712761392423289
NAIRU[8],6.090493581891481,5.695232458496196,6.496231815474746,5.842180378761384,6.340391432371055,1999 Q3,6.8740763,-5.666003356549165,0,0.7077170374084396
NAIRU[9],6.148412436602151,5.745737706057519,6.568224119774026,5.8966097226637,6.406633471803968,1999 Q4,6.633631266666667,-3.9118416595471217,0.9,0.7027435807457572
NAIRU[10],6.197811571378352,5.78435229833102,6.6220890593462896,5.940576115686812,6.4619393382173564,2000 Q1,6.650682266666666,-2.0131970951924316,1.5,0.5586606708638975
NAIRU[11],6.2469455471089255,5.836727462496233,6.686300973045185,5.983638801500139,6.521213449326446,2000 Q2,6.3018415999999995,4.170891253848286,-0.7,0.9702085806450711
NAIRU[12],6.2831265713960125,5.864540588066974,6.732998791765353,6.020005062350198,6.564993918723843,2000 Q3,5.989475933333333,5.919918008416758,1.6,0.8241804895104288
NAIRU[13],6.304661623285471,5.877991463154078,6.765944487933782,6.033901568241592,6.586790358331956,2000 Q4,6.1718063999999995,8.981477240732882,3.1,0.95303648506934735
NAIRU[14],6.303198235190086,5.871101420915614,6.763465952347722,6.02979790540703,6.59198154947448,2001 Q1,6.366921866666667,8.228463259096674,2,0.944039377908723
NAIRU[15],6.295262426438969,5.862361450921514,6.759579671729145,6.017653753951786,6.582159990335582,2001 Q2,6.869281033333333,8.246203732647572,0.5,0.9352105570280322
NAIRU[16],6.261684765842251,5.828392109087604,6.729189734401104,5.987616245892673,6.548998527767434,2001 Q3,6.867468833333334,5.66886876816568,1.2,0.6626929487609345
NAIRU[17],6.229373081547329,5.797714597167378,6.696921007144271,5.956501867047767,6.517584053941315,2001 Q4,6.979271533333333,2.8755974987303645,1.4,0.7894777847007539
NAIRU[18],6.193557298668146,5.760251981776069,6.656497935066394,5.917019048033749,6.476887805599818,2002 Q1,6.626567866666667,1.9355442952956103,0.5,0.7832938221187469
NAIRU[19],6.1369773097231,5.711719640397086,6.597685573743349,5.868959854217825,6.4208167335435284,2002 Q2,6.404474766666667,-4.324132417319415,1.8,0.7772059847702906
NAIRU[20],6.0856229473307,5.6653360102242605,6.5388500812470935,5.81984580342532,6.3648858211671495,2002 Q3,6.280212733333333,-2.753210339020118,0.8,0.8991711191963958
NAIRU[21],6.0143236892970595,5.602441179965239,6.468345950050498,5.752781841985139,6.289947074618815,2002 Q4,6.1575767,-4.345011692652445,0,0.8911580300563493
NAIRU[22],5.962455155609517,5.553939208594045,6.41155019265592,5.70375583698977,6.231568288562263,2003 Q1,6.0556449,-4.659608729443221,0.5,1.0088357944340487
NAIRU[23],5.892640874627979,5.490032877285192,6.338271917058633,5.637298953967418,6.164457816435826,2003 Q2,6.050972933333333,-5.552309049921789,1.5,0.7500035156546403
NAIRU[24],5.8221594998908355,5.423840141663355,6.265842914765454,5.5699251919760036,6.094015088193162,2003 Q3,5.906948066666667,-8.031641781620547,1.3,0.8679533719723409
NAIRU[25],5.759872367988843,5.361059903449392,6.193926576174784,5.504933404990947,6.02704503201951,2003 Q4,5.708732366666667,-10.389959501815138,1.9,0.9828088936262525
NAIRU[26],5.6920177161969825,5.30008507220882,6.123349156952427,5.438546667436617,5.956216917079241,2004 Q1,5.537008233333333,-11.98772772594987,0.9,0.8521049731933239
NAIRU[27],5.633394264726571,5.243514669280013,6.061270709623637,5.383126695554928,5.8926034860724075,2004 Q2,5.435607833333333,-6.52308022313326,1,0.8449054486527885
NAIRU[28],5.5689694436375365,5.178299456827603,5.992511017459236,5.321222272820501,5.827791209344037,2004 Q3,5.4793238,-2.613938820303563,1.9,0.8378265645998084
NAIRU[29],5.514961640390333,5.129538977480626,5.936254079148881,5.267395684386959,5.7700097929292955,2004 Q4,5.1174322,-2.0277192439150937,0.6,1.0669929324696348
NAIRU[30],5.452079725629298,5.072898418531587,5.872807252382727,5.207079558767129,5.707132999378204,2005 Q1,5.106875466666667,-0.5676458004804985,0.2,1.0557282805876866
NAIRU[31],5.404727862339299,5.025398027110838,5.81985689667526,5.159183623210298,5.657498121236504,2005 Q2,5.057009066666667,-2.6194201090823377,-0.1,1.0446989964655096
NAIRU[32],5.34652919417704,4.9670868668833235,5.763160348769075,5.106072833169948,5.6012589598066045,2005 Q3,4.958453066666666,-2.6841037524811817,2.4,0.9195467093100262
NAIRU[33],5.293639757448043,4.915700330661453,5.708821215420585,5.051139173585566,5.550233781644969,2005 Q4,5.007769466666667,-1.0294896726862568,1.5,1.0244824948425268
NAIRU[34],5.240513508400837,4.864608417377943,5.654333261753193,4.996852655645029,5.493368028187254,2006 Q1,5.044552666666666,1.1320875624481808,1.3,1.014093197604904
NAIRU[35],5.20909741850346,4.83723414571924,5.622080012222426,4.971181132938639,5.459686390451017,2006 Q2,4.857195366666667,1.2246973609973288,0,1.0039125028328044
NAIRU[36],5.1711909698847425,4.79841232668581,5.582466246506438,4.933655178636847,5.42503391066489,2006 Q3,4.678258233333334,-0.7532992307544895,1.1,0.8839836569141113
NAIRU[37],5.148669195249045,4.7812703727269215,5.554579709176531,4.914062136901917,5.400687229104991,2006 Q4,4.515391533333333,-1.5166167471410752,3.2,1.0941028178208967
NAIRU[38],5.108199509443854,4.739636318205163,5.5156447384055385,4.872904810366391,5.354038773508687,2007 Q1,4.549659466666666,-2.2771382412477337,1.1,0.9745610430512919
NAIRU[39],5.064383788589643,4.702802820728005,5.469556948288754,4.831094840062253,5.309874920410652,2007 Q2,4.324776,-4.011999378942566,1.9,1.071821622002389
NAIRU[40],5.0284175351164215,4.667492048503534,5.430800128271899,4.800889589768379,5.274071456160968,2007 Q3,4.255168566666667,-4.050698427981736,1.2,1.0604553248797721
NAIRU[41],4.985912289240434,4.629641052035909,5.385485935651856,4.757632424912993,5.2357154479906844,2007 Q4,4.353768033333333,-4.293342290860114,0.4,0.8403410796379518
NAIRU[42],4.943739679529516,4.583283672021781,5.348558987925531,4.715375250895237,5.193301194494639,2008 Q1,4.085510833333333,-2.8225718064629035,0.5,1.0405921161116716
NAIRU[43],4.903549947406548,4.535414409627982,5.309415725340983,4.671161309463313,5.157517948032947,2008 Q2,4.258409866666667,-2.366974408590483,1.9,1.1322817830264675
NAIRU[44],4.87061048681174,4.500185308924152,5.276727336507555,4.6309193707452945,5.120033363040507,2008 Q3,4.1849405,0.5888142625222414,0.5,1.1196045705085034
NAIRU[45],4.825121466688513,4.447375046593069,5.226621396397176,4.5857511314895225,5.073862082404911,2008 Q4,4.4409917,15.997331929834147,0.8,0.9068072213969991
NAIRU[46],4.79974223055962,4.41426787592325,5.2056374761379685,4.553993022248115,5.049365670869954,2009 Q1,5.307062133333333,17.60498742460772,-0.6,0.8986580697846414
NAIRU[47],4.7989342657064125,4.416087869446188,5.206074449029568,4.55120864353669,5.051863055462536,2009 Q2,5.728827166666667,12.903025974373161,0.7,0.7920833491444235
NAIRU[48],4.786394527176381,4.4005502275502195,5.199573991887843,4.541801459008333,5.040425423185645,2009 Q3,5.683132533333334,6.166011635755986,2.2,0.39370129593390146
NAIRU[49],4.7754862828678295,4.3889374758702875,5.186984486945957,4.528730352525789,5.028848565336055,2009 Q4,5.5577709,-12.760168444084918,0.6,0.782782862024689
NAIRU[50],4.788548900905571,4.401597906765762,5.198216817148712,4.546883057401004,5.042426271417106,2010 Q1,5.328896833333333,-14.112877009846336,0.4,0.9699397088713368
NAIRU[51],4.7661478959568235,4.378285809651513,5.174789371574109,4.524086732243703,5.018935071837467,2010 Q2,5.290768,-7.654007712233479,2.2,0.7692345623156349
NAIRU[52],4.733778457838838,4.346626157640874,5.1456467948787985,4.490770937606175,4.990804125127289,2010 Q3,5.124878366666667,-3.0829158019901826,2.1,1.048127746758265
NAIRU[53],4.695860537819586,4.3057534222810165,5.105127951521354,4.446583670851886,4.950381032413187,2010 Q4,5.090218133333333,-2.3438572972017013,1.4,1.037255881562249
NAIRU[54],4.669142143545679,4.279755578662323,5.082522314356489,4.421883760641972,4.924801280943275,2011 Q1,4.9673792,-4.185525773661247,0,0.9337135995940216
NAIRU[55],4.660675725083703,4.267329362923848,5.068908111322798,4.410767421720478,4.911235073524258,2011 Q2,4.9630677,-5.84962066816086,2.3,0.740744127786197
NAIRU[56],4.64083303160856,4.249603644635555,5.045593177959405,4.3907709920388545,4.892396492179574,2011 Q3,5.194879766666666,-5.760499194271507,1.5,0.8268306176947071
NAIRU[57],4.612521274647302,4.217338352659979,5.02501913175554,4.36277401071206,4.8685795721992,2011 Q4,5.205116,0,0.2,1.001373866050237
NAIRU[58],4.579635827266331,4.174901555838771,4.997117479778576,4.324261542400119,4.8372363839155605,2012 Q1,5.1413123,-2.2111453607431386,1.2,0.9914457057178083
NAIRU[59],4.548210594169053,4.139320578272978,4.962608642837144,4.291161215134312,4.807126137898139,2012 Q2,5.119095066666667,1.197619104671599,0.9,0.892863074430128
NAIRU[60],4.526402395238315,4.114665258174395,4.945187574201514,4.270189549880248,4.791566394133657,2012 Q3,5.275867166666667,0,-0.2,0.7968169649177348
NAIRU[61],4.505744896885164,4.089997706448494,4.925931931217554,4.241541668877189,4.772211085278329,2012 Q4,5.366378533333333,-1.996074256253788,0.8,0.7029905928257918
NAIRU[62],4.492171680248511,4.070790170988779,4.91779759085917,4.2232036609967505,4.761790782916373,2013 Q1,5.4757147,0.708863727773501,-0.1,0.6980831141340182
NAIRU[63],4.478242415212242,4.045475216589689,4.9128342063833514,4.204387259721067,4.749664760007191,2013 Q2,5.631051,-0.5970166986504211,0.7,0.6068505836380744
NAIRU[64],4.456494211373045,4.0146590141380285,4.8978172375539994,4.178520847043506,4.7371879114281725,2013 Q3,5.728568366666667,5.475463371835865,0.6,0.6031901097706793
NAIRU[65],4.42789014035703,3.980834109816114,4.8780349518365504,4.143066763377089,4.707947816366515,2013 Q4,5.8398981333333335,4.629088381435409,1.8,0.6849341845574841
NAIRU[66],4.394029058269286,3.940444146151278,4.850743245213836,4.106765844676049,4.680205625621682,2014 Q1,5.898870633333334,7.669939312596341,0.3,0.7649846060403753
NAIRU[67],4.355954183367533,3.8972217999519154,4.813209814535567,4.069049874669699,4.641546990268668,2014 Q2,5.9273562,4.964523048916547,0.8,0.5067578412305984
NAIRU[68],4.3049410544113265,3.8435283593830185,4.767059273308228,4.016524160010165,4.5940175093709,2014 Q3,6.1702621,-0.19047624806542984,0.7,0.5879899342879469
NAIRU[69],4.2552423881349615,3.790964590442557,4.711714924219476,3.9625879535288364,4.543901410209828,2014 Q4,6.2530794,3.8702329019038473,0.8,0.5845528127435884
NAIRU[70],4.207167076258017,3.7338596369767814,4.664880474385693,3.9120262629748903,4.494777967772029,2015 Q1,6.203302166666667,4.923510299768541,-1.1,0.581155641477693
NAIRU[71],4.1612704095514665,3.6881874634505136,4.616753013948192,3.867180007852417,4.448086527874185,2015 Q2,6.0167187,6.346957394866681,0.6,0.4954593124683271
NAIRU[72],4.1174596335019285,3.642977674834804,4.562141473959459,3.8242634827159785,4.402507089324306,2015 Q3,6.179565333333334,9.97202349434545,1,0.5749502491260827
NAIRU[73],4.083288027738055,3.6138185301267276,4.52659446194502,3.790825718953099,4.365786616135833,2015 Q4,5.8343175,8.430710645999362,0.4,0.49019706002066954
NAIRU[74],4.054549478072918,3.5939697454594013,4.4973153416729685,3.7637346421912232,4.334847730153537,2016 Q1,5.796893633333333,3.9254931018431805,-0.2,0.4878058453432921
NAIRU[75],4.04630790789955,3.588737264297259,4.4801460071751675,3.757962144675207,4.324904248300149,2016 Q2,5.6870614999999995,2.2037031046728828,0.6,0.48543784647980814
NAIRU[76],4.037875755230077,3.5796428073648063,4.4682276025861105,3.7522919551609495,4.312448713950415,2016 Q3,5.658726533333334,-2.092491342424818,0.3,0.40273916699824497
NAIRU[77],4.029219803772399,3.5798949094055543,4.455480696106446,3.7465899072486124,4.303837741711585,2016 Q4,5.7332262,-4.082199452025481,-0.6,0.4811556997222688
NAIRU[78],4.03066885768875,3.5871817548851452,4.45493230261516,3.7514655687828666,4.299210094536142,2017 Q1,5.8083196,-3.3046485355948008,-0.5,0.5584378293900016
NAIRU[79],4.0358696296766325,3.593538391456575,4.44948656785276,3.760688111693576,4.302312378516081,2017 Q2,5.5925758000000005,-0.9636517848274018,0.9,0.4761913760243708
NAIRU[80],4.030757193197153,3.599000449910457,4.44742332356058,3.761238497449572,4.294816954048114,2017 Q3,5.5341101,-1.5986130846302515,1,0.4739345363896419
NAIRU[81],4.036180099796205,3.6122813535586027,4.447553584647634,3.7672481815730468,4.295964292189399,2017 Q4,5.491339666666667,-0.44424773195608225,0.8,0.5500996190347607
NAIRU[82],4.02890040228905,3.6119817151546165,4.433704706922471,3.7652622807215894,4.282820478820636,2018 Q1,5.5460239,-0.5319161477600254,0.7,0.46911735758801143
NAIRU[83],4.0186945600855335,3.603410923120822,4.418783437832879,3.756975003821352,4.2717583439553595,2018 Q2,5.4403123,0.4391750580978737,0,0.6220859875102569
NAIRU[84],4.011204616924021,3.5994306552299196,4.404338848898387,3.751487119036751,4.259937917065966,2018 Q3,5.1876283,3.5183928124475905,0.8,0.6182399908317926
NAIRU[85],4.010876801877675,3.597464283032736,4.3960323972615845,3.753833640695962,4.257346222568058,2018 Q4,5.042911233333333,3.4999197780220648,1.3,0.5378422492758439
NAIRU[86],4.004504400590222,3.6003774104572877,4.390644337751715,3.750148766490307,4.2472914476004044,2019 Q1,5.042161233333333,3.2359622773336483,-0.1,0.5349649747239837
NAIRU[87],4.007015805741788,3.6025350009585044,4.393562367187065,3.7563728352500965,4.250152857492802,2019 Q2,5.224567733333333,2.851165052596638,2,0.6079046076382433
NAIRU[88],4.020916782801602,3.6127043306401805,4.409850635156953,3.767709537426947,4.26630879521718,2019 Q3,5.256432566666667,2.3068088250274066,0.5,0.5289018751791552
NAIRU[89],4.046696738116604,3.6396772417867753,4.4364096895142655,3.792946985516161,4.293260526157894,2019 Q4,5.1711290666666665,2.1268347403926136,1.3,0.5261192143361626
NAIRU[90],4.07944850576223,3.678566958001172,4.474218582789712,3.831362537796731,4.330360538020684,2020 Q1,5.1843763,2.4650631943442747,1.4,0.5233656806108655
NAIRU[91],4.10103014851631,3.7029620585169574,4.494009068150471,3.8546045026335687,4.349238498549584,2020 Q2,6.9041982,3.843413733926049,5.9,0.2234637801416639
NAIRU[92],4.117203730532733,3.7211459599826244,4.507105720524537,3.8725666570785635,4.362257687246229,2020 Q3,7.058256933333333,-0.9333966790475046,-1.8,0.07437709528446135
NAIRU[93],4.11641829126964,3.7284415658361327,4.499359318611307,3.8746461982236484,4.358072062519046,2020 Q4,6.771440733333334,-2.2989518224698635,-0.2,0.5190964566970102
NAIRU[94],4.1211760114147005,3.7388422310295453,4.494783701614102,3.883689770604481,4.354702534528322,2021 Q1,5.928383266666667,-4.464260590811708,0.9,0.6634746048556295
NAIRU[95],4.131458708418911,3.7553349762182484,4.4958475115281775,3.899501268292196,4.357218873451331,2021 Q2,5.201759,-6.782259633876109,0.3,0.5130095531030499
NAIRU[96],4.137097723482697,3.775108465535069,4.495171970791683,3.912827099792723,4.360773509012509,2021 Q3,4.672518066666667,1.1864545956192352,2.7,0.4376374599798005
NAIRU[97],4.158164610587764,3.8126676105023303,4.512557966160632,3.939057087096992,4.378656613480213,2021 Q4,4.6923769,5.202515398928043,0.4,0.7251663395321017
NAIRU[98],4.1787199590567266,3.8419889396592843,4.521998269240284,3.966908942994583,4.3930007888856,2022 Q1,4.0556334,9.299286684916463,1.6,0.6481837602190232
NAIRU[99],4.198167625557961,3.874414530658887,4.537633671553653,3.9921198192706626,4.405768358740857,2022 Q2,3.801785766666667,8.08520966290951,-0.7,0.7865610805951384
NAIRU[100],4.241244253741912,3.9301436901562345,4.576504050453219,4.040103217616801,4.445858390539708,2022 Q3,3.5312898666666666,8.939550265436758,0.9,0.9922122506315745
NAIRU[101],4.286465992812816,3.980201384348156,4.623232456929201,4.090889919173468,4.492584632389327,2022 Q4,3.4913950666666667,8.687509078839728,0.1,0.9126072464377799
NAIRU[102],4.346475382151711,4.0355861626172125,4.6855358001109675,4.149101582506695,4.5581039617695644,2023 Q1,3.6161255,4.382547954002902,0.7,0.9043539896321562
NAIRU[103],4.359725946427157,4.051803328722389,4.701496344828395,4.164380471910825,4.567394870732292,2023 Q2,3.6082628666666667,6.271647386762602,0,0.827590930385913
NAIRU[104],4.373084438368233,4.061899327091844,4.721512281735489,4.176527318448963,4.58569190704678,2023 Q3,3.6589056666666666,1.3772214621226908,3.3,1.2965040017289375
NAIRU[105],4.373050033786624,4.05718826689866,4.72332631956058,4.1744610118924665,4.586985309588043,2023 Q4,3.896382233333333,0.5979091056057761,2.2,1.0789045990818202
NAIRU[106],4.360639547331708,4.040331169854757,4.7135280413455485,4.155049382278305,4.573113558137192,2024 Q1,3.9012506,1.0662705744040046,0.7,0.7350517559340908
NAIRU[107],4.367315006603473,4.043700202444507,4.724874394097267,4.1598141844205845,4.585512176294294,2024 Q2,4.047912166666666,0.9077218151117172,0.6,0.8617885619389476
NAIRU[108],4.391235350341725,4.05493249705782,4.757797998669192,4.179588641700354,4.617179040533807,2024 Q3,4.124354933333334,1.1333706509849328,0.6,0.7889587275163201
NAIRU[109],4.393791731462717,4.0382570737272365,4.78057631839474,4.170869073119549,4.629187066888433,2024 Q4,4.003016266666667,0.4460973940624946,1.9,0.782782862024689
NAIRU[110],4.406518730301837,4.025822754891323,4.815945237246052,4.165292286592087,4.656777516477195,2025 Q1,4.077463366666667,3.2056416116116537,0.9,0.9055689309808379
NAIRU[111],4.4043363390991095,4.0001403870122445,4.837952572246348,4.147226122831124,4.671385268041419,2025 Q2,4.166977666666667,2.967576814611661,1.1,0.833605340206045
NAIRU[112],4.41303201103627,3.9826993782061533,4.872031883353775,4.140335963310271,4.69699867007244,2025 Q3,4.323938933333333,2.0818595756032288,0.8117957758473442,0.8242172559139133
=======
NAIRU[1],5.798059025287513,5.486489141271554,6.083486816067735,5.59888743284528,5.984342845155672,1997 Q4,7.976871933333333,6.3871470386661855,0.4,0.8968669982760247
NAIRU[2],5.850141937681606,5.5207020492449175,6.160935165705673,5.641159973418343,6.049829690297789,1998 Q1,7.8403206,8.205906323515144,0,0.8888947417245774
NAIRU[3],5.903942985578413,5.556645249101901,6.2358001646214545,5.688367236297755,6.11408021852779,1998 Q2,7.7336126,10.244080555449209,0.4,0.7347571630394789
NAIRU[4],5.95708100296606,5.603087723969374,6.306221637710063,5.733960135298454,6.1785403089657285,1998 Q3,7.7878253,11.102625319350423,3.1,0.729397836255341
NAIRU[5],5.995486390558131,5.630751408934989,6.3569684958004755,5.767993359987052,6.222206266323392,1998 Q4,7.3745465999999995,6.51638942498538,0.2,0.7241161256559714
NAIRU[6],6.033494574417173,5.656099487971408,6.406783747198746,5.800581688111812,6.264083533492834,1999 Q1,7.0822801,3.2587647998844282,0.2,0.862074304390692
NAIRU[7],6.061649358409026,5.683768651822001,6.442510637259194,5.82653532324383,6.301071000355039,1999 Q2,6.885881366666666,-1.1469027348764982,1.6,0.712761392423289
NAIRU[8],6.102348474202218,5.715578983177473,6.495595564972432,5.862440560625092,6.3494564578098744,1999 Q3,6.8740763,-5.666003356549165,0,0.7077170374084396
NAIRU[9],6.1616129785882405,5.767335990574528,6.571389225157102,5.913185211129258,6.419003350718184,1999 Q4,6.633631266666667,-3.9118416595471217,0.9,0.7027435807457572
NAIRU[10],6.211546988607044,5.805495679373248,6.63185687591891,5.9559433758022955,6.473493259237295,2000 Q1,6.650682266666666,-2.0131970951924316,1.5,0.5586606708638975
NAIRU[11],6.262714471423154,5.850564471673155,6.694075394941098,6.00322151316802,6.531680681470634,2000 Q2,6.3018415999999995,4.170891253848286,-0.7,0.9702085806450711
NAIRU[12],6.298838873794644,5.88024556921602,6.741393367321862,6.034873008233131,6.5731450817178585,2000 Q3,5.989475933333333,5.919918008416758,1.6,0.8241804895104288
NAIRU[13],6.3177944591746105,5.8934353031929385,6.769692703625515,6.050449527754566,6.598549300880393,2000 Q4,6.1718063999999995,8.981477240732882,3.1,0.95303648506934735
NAIRU[14],6.316027188570301,5.886199011815046,6.77676601538559,6.0474403221735615,6.6008531126146845,2001 Q1,6.366921866666667,8.228463259096674,2,0.944039377908723
NAIRU[15],6.304145696300606,5.872901231120154,6.77414340546421,6.036971112556619,6.59345392685766,2001 Q2,6.869281033333333,8.246203732647572,0.5,0.9352105570280322
NAIRU[16],6.27333571252964,5.845911539127698,6.738164068190808,6.004423676046278,6.560936880738822,2001 Q3,6.867468833333334,5.66886876816568,1.2,0.6626929487609345
NAIRU[17],6.240679457526258,5.813672377984209,6.705070000446742,5.971426521548126,6.527962483778975,2001 Q4,6.979271533333333,2.8755974987303645,1.4,0.7894777847007539
NAIRU[18],6.203098565506067,5.7758934711705034,6.661758707942626,5.935058229329627,6.485714665619618,2002 Q1,6.626567866666667,1.9355442952956103,0.5,0.7832938221187469
NAIRU[19],6.1498213793628445,5.727423789298689,6.605753177043818,5.883256443759091,6.426944581060104,2002 Q2,6.404474766666667,-4.324132417319415,1.8,0.7772059847702906
NAIRU[20],6.096005758794474,5.675211128267434,6.547357266981807,5.832520935085567,6.369968423625843,2002 Q3,6.280212733333333,-2.753210339020118,0.8,0.8991711191963958
NAIRU[21],6.024493499396824,5.614334648148452,6.472711756891619,5.764913811649643,6.296778340545017,2002 Q4,6.1575767,-4.345011692652445,0,0.8911580300563493
NAIRU[22],5.971892165638836,5.564405422437605,6.4143933747636686,5.712952482222775,6.24579752867844,2003 Q1,6.0556449,-4.659608729443221,0.5,1.0088357944340487
NAIRU[23],5.901044527172648,5.500145405863905,6.337748579956723,5.648190348940893,6.171417501243305,2003 Q2,6.050972933333333,-5.552309049921789,1.5,0.7500035156546403
NAIRU[24],5.828863967375296,5.432007048904746,6.2616307913873595,5.578958492466197,6.101331811076486,2003 Q3,5.906948066666667,-8.031641781620547,1.3,0.8679533719723409
NAIRU[25],5.766943785785891,5.37128106962966,6.190099987155895,5.516088926071202,6.029421480040665,2003 Q4,5.708732366666667,-10.389959501815138,1.9,0.9828088936262525
NAIRU[26],5.699450780022849,5.310000676929971,6.121305506904248,5.451711713456989,5.957713673838417,2004 Q1,5.537008233333333,-11.98772772594987,0.9,0.8521049731933239
NAIRU[27],5.639261116674119,5.253121136967557,6.06154322093105,5.39513413087959,5.8961715602353575,2004 Q2,5.435607833333333,-6.52308022313326,1,0.8449054486527885
NAIRU[28],5.57587990496577,5.194116370869039,5.9947825872444955,5.332392285557086,5.830224224554941,2004 Q3,5.4793238,-2.613938820303563,1.9,0.8378265645998084
NAIRU[29],5.5209537085472835,5.142465961587759,5.9370821900192645,5.280088597374416,5.774271355815848,2004 Q4,5.1174322,-2.0277192439150937,0.6,1.0669929324696348
NAIRU[30],5.458694413976648,5.085214793307821,5.8695442754741585,5.219504935184714,5.712627023989967,2005 Q1,5.106875466666667,-0.5676458004804985,0.2,1.0557282805876866
NAIRU[31],5.408034327731949,5.03880001697015,5.815184321017611,5.170485328967185,5.659586915919159,2005 Q2,5.057009066666667,-2.6194201090823377,-0.1,1.0446989964655096
NAIRU[32],5.3519562985627545,4.980411478973346,5.75777222893969,5.115253587556754,5.603445032736193,2005 Q3,4.958453066666666,-2.6841037524811817,2.4,0.9195467093100262
NAIRU[33],5.298208750168889,4.930173191353293,5.70401070933026,5.06374199538885,5.552566418659736,2005 Q4,5.007769466666667,-1.0294896726862568,1.5,1.0244824948425268
NAIRU[34],5.246236373948282,4.872398044414154,5.647409874325223,5.009087758939105,5.496249324613075,2006 Q1,5.044552666666666,1.1320875624481808,1.3,1.014093197604904
NAIRU[35],5.215815482244111,4.848491570086918,5.610636293444581,4.980968628093839,5.462297250835268,2006 Q2,4.857195366666667,1.2246973609973288,0,1.0039125028328044
NAIRU[36],5.176338351613136,4.806870133724335,5.577230364867038,4.942885924019881,5.422666060491548,2006 Q3,4.678258233333334,-0.7532992307544895,1.1,0.8839836569141113
NAIRU[37],5.153816418911793,4.790075846666851,5.555099276957586,4.922576132350762,5.398365377200452,2006 Q4,4.515391533333333,-1.5166167471410752,3.2,1.0941028178208967
NAIRU[38],5.1128487225562225,4.746213708504925,5.512341025098556,4.883727891885242,5.357354155338961,2007 Q1,4.549659466666666,-2.2771382412477337,1.1,0.9745610430512919
NAIRU[39],5.0695890743883005,4.708418760719436,5.464578601471979,4.8393102307433145,5.3098903519796465,2007 Q2,4.324776,-4.011999378942566,1.9,1.071821622002389
NAIRU[40],5.038760717366424,4.6832755360837135,5.422880680697096,4.810186203263328,5.277937828288795,2007 Q3,4.255168566666667,-4.050698427981736,1.2,1.0604553248797721
NAIRU[41],4.995615233333256,4.639578699233031,5.378085553367872,4.7687445402855655,5.235139269754443,2007 Q4,4.353768033333333,-4.293342290860114,0.4,0.8403410796379518
NAIRU[42],4.954324354891691,4.596102889527174,5.33239594377111,4.729650550125742,5.195678941212692,2008 Q1,4.085510833333333,-2.8225718064629035,0.5,1.0405921161116716
NAIRU[43],4.9144856138531425,4.548916073499584,5.298714319821257,4.684751469508285,5.156131603446689,2008 Q2,4.258409866666667,-2.366974408590483,1.9,1.1322817830264675
NAIRU[44],4.882556639569749,4.512857093506445,5.275394165850803,4.650168228964034,5.123118003042198,2008 Q3,4.1849405,0.5888142625222414,0.5,1.1196045705085034
NAIRU[45],4.835796959685307,4.465730284957468,5.223413015294452,4.602048236556536,5.077253602788417,2008 Q4,4.4409917,15.997331929834147,0.8,0.9068072213969991
NAIRU[46],4.811566651029773,4.437811394154245,5.2049631958827005,4.57277811569519,5.052097990923239,2009 Q1,5.307062133333333,17.60498742460772,-0.6,0.8986580697846414
NAIRU[47],4.809526726002634,4.429376545241142,5.201476996962924,4.571964762760857,5.055037560843873,2009 Q2,5.728827166666667,12.903025974373161,0.7,0.7920833491444235
NAIRU[48],4.801347157615895,4.420323250390459,5.189178241848241,4.564249526877887,5.046350127537059,2009 Q3,5.683132533333334,6.166011635755986,2.2,0.39370129593390146
NAIRU[49],4.792197500197213,4.409580994830098,5.181845239948539,4.550137145052757,5.039032771920865,2009 Q4,5.5577709,-12.760168444084918,0.6,0.782782862024689
NAIRU[50],4.804244887325163,4.418725944311463,5.201306139468338,4.563297629147419,5.0508461781517315,2010 Q1,5.328896833333333,-14.112877009846336,0.4,0.9699397088713368
NAIRU[51],4.780497611878273,4.3945253760741485,5.175898934044689,4.539056795199861,5.027893910603319,2010 Q2,5.290768,-7.654007712233479,2.2,0.7692345623156349
NAIRU[52],4.74800367195532,4.358963338570163,5.15133052542819,4.506012698471323,4.999753686311638,2010 Q3,5.124878366666667,-3.0829158019901826,2.1,1.048127746758265
NAIRU[53],4.708842806488663,4.317371382563953,5.106982498181787,4.466752444006274,4.959476631994928,2010 Q4,5.090218133333333,-2.3438572972017013,1.4,1.037255881562249
NAIRU[54],4.684851419485209,4.2909466440093835,5.085601935407047,4.4426986616394615,4.9346315459125245,2011 Q1,4.9673792,-4.185525773661247,0,0.9337135995940216
NAIRU[55],4.675974432777245,4.2769799960979356,5.072623608261841,4.4305806128134435,4.924155423279637,2011 Q2,4.9630677,-5.84962066816086,2.3,0.740744127786197
NAIRU[56],4.656422083391098,4.254042060828443,5.055641853855061,4.406370677488786,4.906050058737663,2011 Q3,5.194879766666666,-5.760499194271507,1.5,0.8268306176947071
NAIRU[57],4.630607702550759,4.225590725155344,5.033265982358221,4.376563960031562,4.878994576557123,2011 Q4,5.205116,0,0.2,1.001373866050237
NAIRU[58],4.599719426318664,4.187549708998162,5.001111591307363,4.341547468765313,4.849989775650218,2012 Q1,5.1413123,-2.2111453607431386,1.2,0.9914457057178083
NAIRU[59],4.5670357238071215,4.148974435723878,4.969665157644143,4.306223923904854,4.818965659433431,2012 Q2,5.119095066666667,1.197619104671599,0.9,0.892863074430128
NAIRU[60],4.548616997533578,4.123851682524655,4.957257968066043,4.28484656332924,4.802128746181854,2012 Q3,5.275867166666667,0,-0.2,0.7968169649177348
NAIRU[61],4.524554060320217,4.100463801784349,4.940435682710057,4.258733827271446,4.784735143839498,2012 Q4,5.366378533333333,-1.996074256253788,0.8,0.7029905928257918
NAIRU[62],4.508804777213563,4.0763325489656905,4.929281784565483,4.240311748330918,4.77443256102313,2013 Q1,5.4757147,0.708863727773501,-0.1,0.6980831141340182
NAIRU[63],4.495980690296216,4.057221629010472,4.9234082559768515,4.220647518873573,4.7627369148282925,2013 Q2,5.631051,-0.5970166986504211,0.7,0.6068505836380744
NAIRU[64],4.477015389794171,4.030571347696728,4.913259801058979,4.196533264391455,4.752797504673837,2013 Q3,5.728568366666667,5.475463371835865,0.6,0.6031901097706793
NAIRU[65],4.449257503601935,3.9915981583766094,4.8960791148867395,4.161595569440371,4.727578788554273,2013 Q4,5.8398981333333335,4.629088381435409,1.8,0.6849341845574841
NAIRU[66],4.417611410729478,3.9554424541424402,4.867348463225708,4.127284284752704,4.699310734240468,2014 Q1,5.898870633333334,7.669939312596341,0.3,0.7649846060403753
NAIRU[67],4.378631205489801,3.909752925736012,4.829042078440258,4.089097060107315,4.661836682393183,2014 Q2,5.9273562,4.964523048916547,0.8,0.5067578412305984
NAIRU[68],4.329589279364463,3.8588051414205213,4.7800393448594525,4.037181350041173,4.614047567625294,2014 Q3,6.1702621,-0.19047624806542984,0.7,0.5879899342879469
NAIRU[69],4.280469525806263,3.798524713278585,4.72861967899531,3.982937288176264,4.562857040610969,2014 Q4,6.2530794,3.8702329019038473,0.8,0.5845528127435884
NAIRU[70],4.229836361949883,3.7491390825650677,4.6797486801303245,3.9357962359646264,4.509106414297801,2015 Q1,6.203302166666667,4.923510299768541,-1.1,0.581155641477693
NAIRU[71],4.182220241432097,3.7067657126732,4.626525274503967,3.890469273243865,4.462987794281048,2015 Q2,6.0167187,6.346957394866681,0.6,0.4954593124683271
NAIRU[72],4.138490293540131,3.6669578667222438,4.579991573083316,3.8442749737700033,4.414572705039602,2015 Q3,6.179565333333334,9.97202349434545,1,0.5749502491260827
NAIRU[73],4.102495518694761,3.636111475653358,4.545237521825888,3.8133468003056663,4.381632078911473,2015 Q4,5.8343175,8.430710645999362,0.4,0.49019706002066954
NAIRU[74],4.076079281305741,3.6145860329475217,4.511280604155247,3.787948523291179,4.349615122465435,2016 Q1,5.796893633333333,3.9254931018431805,-0.2,0.4878058453432921
NAIRU[75],4.06746183331318,3.6087183677189483,4.500246241964117,3.7816274561207153,4.33742867586337,2016 Q2,5.6870614999999995,2.2037031046728828,0.6,0.48543784647980814
NAIRU[76],4.05753138023289,3.6020257996206304,4.483490309940871,3.777434727463135,4.3266990756783406,2016 Q3,5.658726533333334,-2.092491342424818,0.3,0.40273916699824497
NAIRU[77],4.049002851591464,3.596641848283461,4.470215108605236,3.774087221170382,4.3156489013404515,2016 Q4,5.7332262,-4.082199452025481,-0.6,0.4811556997222688
NAIRU[78],4.050933507630663,3.601714580655093,4.469280260428313,3.7734870828265605,4.315729818318316,2017 Q1,5.8083196,-3.3046485355948008,-0.5,0.5584378293900016
NAIRU[79],4.055890692087292,3.6094688971615767,4.465175709398759,3.7818680882348783,4.315098775824252,2017 Q2,5.5925758000000005,-0.9636517848274018,0.9,0.4761913760243708
NAIRU[80],4.052151231450935,3.616488580962069,4.462671895513073,3.7821775319057926,4.306546923642001,2017 Q3,5.5341101,-1.5986130846302515,1,0.4739345363896419
NAIRU[81],4.056146925759299,3.624860348550485,4.457250571695333,3.7893133453032224,4.307151262899248,2017 Q4,5.491339666666667,-0.44424773195608225,0.8,0.5500996190347607
NAIRU[82],4.046514222517934,3.6217188265273816,4.442908483562537,3.7843588619245163,4.295368844512039,2018 Q1,5.5460239,-0.5319161477600254,0.7,0.46911735758801143
NAIRU[83],4.034210820901199,3.614921513664172,4.426655370795163,3.7736980036004986,4.2811719638048835,2018 Q2,5.4403123,0.4391750580978737,0,0.6220859875102569
NAIRU[84],4.027200620206831,3.610181652954209,4.417615011675928,3.770342005253933,4.2718605678400685,2018 Q3,5.1876283,3.5183928124475905,0.8,0.6182399908317926
NAIRU[85],4.022270764205658,3.6173257095558617,4.408474155586044,3.770882527558669,4.265337073249905,2018 Q4,5.042911233333333,3.4999197780220648,1.3,0.5378422492758439
NAIRU[86],4.0155857763234,3.6138364886059886,4.395539354629074,3.7636075390265296,4.258279624656045,2019 Q1,5.042161233333333,3.2359622773336483,-0.1,0.5349649747239837
NAIRU[87],4.020916142789181,3.6132242718105747,4.402018212661571,3.7685320545667222,4.261662994120147,2019 Q2,5.224567733333333,2.851165052596638,2,0.6079046076382433
NAIRU[88],4.032630227206333,3.629829662272636,4.416682398874621,3.782283599459123,4.276833869819549,2019 Q3,5.256432566666667,2.3068088250274066,0.5,0.5289018751791552
NAIRU[89],4.058796069663323,3.649668183866922,4.441926502075254,3.8050626125277422,4.3005478457903825,2019 Q4,5.1711290666666665,2.1268347403926136,1.3,0.5261192143361626
NAIRU[90],4.092086096846817,3.6896984419874683,4.4820361239593245,3.8427533664976585,4.337054915672768,2020 Q1,5.1843763,2.4650631943442747,1.4,0.5233656806108655
NAIRU[91],4.11230231756294,3.7141427306076853,4.502654804320271,3.8664525397926726,4.358784852963976,2020 Q2,6.9041982,3.843413733926049,5.9,0.2234637801416639
NAIRU[92],4.126144633902831,3.7364947095441265,4.515350228737213,3.882302256906316,4.371171984209948,2020 Q3,7.058256933333333,-0.9333966790475046,-1.8,0.07437709528446135
NAIRU[93],4.125276410205809,3.7423547117182645,4.510508726265942,3.884748414859061,4.370399938286428,2020 Q4,6.771440733333334,-2.2989518224698635,-0.2,0.5190964566970102
NAIRU[94],4.125400587391441,3.7530804851791055,4.495178613071145,3.8928419239244128,4.361297761988754,2021 Q1,5.928383266666667,-4.464260590811708,0.9,0.6634746048556295
NAIRU[95],4.134795095772441,3.7733315222686796,4.4953223450635225,3.908783546522411,4.3636172978391325,2021 Q2,5.201759,-6.782259633876109,0.3,0.5130095531030499
NAIRU[96],4.138894833871573,3.788424784998737,4.497666871515174,3.920283578673174,4.363220938224495,2021 Q3,4.672518066666667,1.1864545956192352,2.7,0.4376374599798005
NAIRU[97],4.1622330237795175,3.824442833041823,4.509596523558662,3.9496480587259577,4.381840810374767,2021 Q4,4.6923769,5.202515398928043,0.4,0.7251663395321017
NAIRU[98],4.181844033744447,3.857913028551578,4.520649173639792,3.976872575126433,4.391630486464838,2022 Q1,4.0556334,9.299286684916463,1.6,0.6481837602190232
NAIRU[99],4.202245766778548,3.889652050583348,4.535543651201333,4.002052325132976,4.409459417776919,2022 Q2,3.801785766666667,8.08520966290951,-0.7,0.7865610805951384
NAIRU[100],4.245653667732276,3.944101515982659,4.572487706600658,4.053054348772511,4.447803645432724,2022 Q3,3.5312898666666666,8.939550265436758,0.9,0.9922122506315745
NAIRU[101],4.28887409323074,3.9914730256514277,4.618406440292058,4.101402947973556,4.491213203109947,2022 Q4,3.4913950666666667,8.687509078839728,0.1,0.9126072464377799
NAIRU[102],4.348847964807978,4.048632892725444,4.685259517714953,4.159610910995823,4.555701366878218,2023 Q1,3.6161255,4.382547954002902,0.7,0.9043539896321562
NAIRU[103],4.362271330578238,4.061644609843974,4.698129648136775,4.170813588351589,4.566314135322684,2023 Q2,3.6082628666666667,6.271647386762602,0,0.827590930385913
NAIRU[104],4.375306066192826,4.0720900316204895,4.718440996004754,4.1784433052356675,4.586632451029619,2023 Q3,3.6589056666666666,1.3772214621226908,3.3,1.2965040017289375
NAIRU[105],4.376887577675452,4.068645633699494,4.722245315790013,4.17865545215076,4.587241505592195,2023 Q4,3.896382233333333,0.5979091056057761,2.2,1.0789045990818202
NAIRU[106],4.364015053049697,4.052869463979766,4.710636442226094,4.16314189828886,4.575048524045302,2024 Q1,3.9012506,1.0662705744040046,0.7,0.7350517559340908
NAIRU[107],4.3709048979201635,4.055634855376078,4.725694699022422,4.166650431327726,4.589244276304991,2024 Q2,4.047912166666666,0.9077218151117172,0.6,0.8617885619389476
NAIRU[108],4.392863458477857,4.062811462074356,4.757092165937721,4.183432391946839,4.617554353263237,2024 Q3,4.124354933333334,1.1333706509849328,0.6,0.7889587275163201
NAIRU[109],4.397723190114491,4.0530328611394175,4.776999471815341,4.176147794501757,4.632348793739174,2024 Q4,4.003016266666667,0.4460973940624946,1.9,0.782782862024689
NAIRU[110],4.407613374550532,4.037659388972815,4.811047338249037,4.1726897331036374,4.658825853462739,2025 Q1,4.077463366666667,3.2056416116116537,0.9,0.9055689309808379
NAIRU[111],4.407260065398491,4.013978691699103,4.840310428566955,4.159302617679935,4.673777196385558,2025 Q2,4.166977666666667,2.967576814611661,1.1,0.833605340206045
NAIRU[112],4.419948797859306,4.000260384285602,4.876647204491667,4.148880861529735,4.7004258990662855,2025 Q3,4.323938933333333,2.0818595756032288,0.8077360382513348,0.8219000811486412
>>>>>>> Stashed changes
=======
NAIRU[1],5.729995261788437,5.218952362638445,6.055269743668332,5.435563403911714,5.948737085734376,1997 Q4,7.976871933333333,6.3871470386661855,0.4,0.8968669982760247
NAIRU[2],5.779933393017727,5.155839697455353,6.12945106257938,5.4314702185745105,6.010672040760322,1998 Q1,7.8403206,8.205906323515144,0,0.8888947417245774
NAIRU[3],5.82412436784431,5.082673080235509,6.1945534117227945,5.432625157665159,6.0661739746619,1998 Q2,7.7336126,10.244080555449209,0.4,0.7347571630394789
NAIRU[4],5.870996865362245,5.04054695182045,6.26655994426083,5.426075151709678,6.130516960447114,1998 Q3,7.7878253,11.102625319350423,3.1,0.729397836255341
NAIRU[5],5.898213492431655,4.980480245432929,6.315716579731409,5.404315901605096,6.167726931023046,1998 Q4,7.3745465999999995,6.51638942498538,0.2,0.7241161256559714
NAIRU[6],5.932511979013967,4.964541871525304,6.358852479278316,5.4226183651011075,6.211275641994543,1999 Q1,7.0822801,3.2587647998844282,0.2,0.862074304390692
NAIRU[7],5.962389602099886,4.975381973992899,6.399474153514944,5.438915871817121,6.245419281858056,1999 Q2,6.885881366666666,-1.1469027348764982,1.6,0.712761392423289
NAIRU[8],5.999977571968454,4.970397136892491,6.44908655977808,5.4363609804520445,6.2877979269046556,1999 Q3,6.8740763,-5.666003356549165,0,0.7077170374084396
NAIRU[9],6.060411983079759,5.035440370935071,6.5171697248050195,5.512936529633483,6.356101697491183,1999 Q4,6.633631266666667,-3.9118416595471217,0.9,0.7027435807457572
NAIRU[10],6.099428676022711,4.889070176529531,6.574390118329939,5.35064841395778,6.406147519643845,2000 Q1,6.650682266666666,-2.0131970951924316,1.5,0.5586606708638975
NAIRU[11],6.1474438772703595,4.6834429159291,6.636262333355718,5.152179883933491,6.460733459435217,2000 Q2,6.3018415999999995,4.170891253848286,-0.7,0.9702085806450711
NAIRU[12],6.179781046181432,4.48493059598475,6.6785294267681685,4.948661131318639,6.502694854248551,2000 Q3,5.989475933333333,5.919918008416758,1.6,0.8241804895104288
NAIRU[13],6.199391136608165,4.283387729344015,6.707634720978448,4.755266694784565,6.527326285021535,2000 Q4,6.1718063999999995,8.981477240732882,3.1,0.95303648506934735
NAIRU[14],6.199481435781665,4.110998422949158,6.701008144648656,4.603626211941751,6.529283459855284,2001 Q1,6.366921866666667,8.228463259096674,2,0.944039377908723
NAIRU[15],6.189589862874777,4.127904392362363,6.694455785493897,4.6320054773056105,6.52196354053798,2001 Q2,6.869281033333333,8.246203732647572,0.5,0.9352105570280322
NAIRU[16],6.158415754809116,4.149226883871109,6.666565921902835,4.648035426149263,6.492046892297129,2001 Q3,6.867468833333334,5.66886876816568,1.2,0.6626929487609345
NAIRU[17],6.127690102922433,4.116626612272758,6.637667132035867,4.650739893218639,6.4586060571632284,2001 Q4,6.979271533333333,2.8755974987303645,1.4,0.7894777847007539
NAIRU[18],6.090557804069263,4.133534556443519,6.594921209095497,4.662063352117929,6.419302464578019,2002 Q1,6.626567866666667,1.9355442952956103,0.5,0.7832938221187469
NAIRU[19],6.037221812625882,4.045916865637633,6.543632356043384,4.5951359508151395,6.363356990708364,2002 Q2,6.404474766666667,-4.324132417319415,1.8,0.7772059847702906
NAIRU[20],5.984539694597858,3.990905940851823,6.4848253772022275,4.5019154676914965,6.308845997416389,2002 Q3,6.280212733333333,-2.753210339020118,0.8,0.8991711191963958
NAIRU[21],5.920215542736007,3.8354992397015932,6.406838703968708,4.359614797896564,6.238807151897948,2002 Q4,6.1575767,-4.345011692652445,0,0.8911580300563493
NAIRU[22],5.8662062070439855,3.8363741407466816,6.350236962347911,4.354032291908786,6.180400610349332,2003 Q1,6.0556449,-4.659608729443221,0.5,1.0088357944340487
NAIRU[23],5.798855708258602,3.789695001332807,6.275771890920843,4.305238515370146,6.110560942163814,2003 Q2,6.050972933333333,-5.552309049921789,1.5,0.7500035156546403
NAIRU[24],5.729431232538481,3.652190106335371,6.2006801506439455,4.179198885529286,6.034144377813331,2003 Q3,5.906948066666667,-8.031641781620547,1.3,0.8679533719723409
NAIRU[25],5.665525386325227,3.6025122818779294,6.1385575815977615,4.102753396126759,5.969192821252932,2003 Q4,5.708732366666667,-10.389959501815138,1.9,0.9828088936262525
NAIRU[26],5.599703305094773,3.560738611722973,6.0672035852780715,4.043342631819356,5.899780531908816,2004 Q1,5.537008233333333,-11.98772772594987,0.9,0.8521049731933239
NAIRU[27],5.542072856350699,3.533224041281104,6.00766735805706,3.998702045197287,5.841682898348877,2004 Q2,5.435607833333333,-6.52308022313326,1,0.8449054486527885
NAIRU[28],5.480540832896542,3.3322634998477927,5.940711426448938,3.8119357685299105,5.779808832160757,2004 Q3,5.4793238,-2.613938820303563,1.9,0.8378265645998084
NAIRU[29],5.42425777607486,3.1898089602635338,5.8891015572779795,3.6503663375750226,5.722601730099816,2004 Q4,5.1174322,-2.0277192439150937,0.6,1.0669929324696348
NAIRU[30],5.363041846523222,3.0596779054421113,5.830752912786037,3.518450575461123,5.663555183210284,2005 Q1,5.106875466666667,-0.5676458004804985,0.2,1.0557282805876866
NAIRU[31],5.315101205975409,3.0029785356209686,5.779004782949112,3.4638414748369026,5.6115357332170355,2005 Q2,5.057009066666667,-2.6194201090823377,-0.1,1.0446989964655096
NAIRU[32],5.256928646269488,2.8874548323378195,5.719361443978364,3.3500626372241986,5.5528138386443935,2005 Q3,4.958453066666666,-2.6841037524811817,2.4,0.9195467093100262
NAIRU[33],5.2037066696650545,2.772462555322166,5.662790035737887,3.2482368869738028,5.503837206920132,2005 Q4,5.007769466666667,-1.0294896726862568,1.5,1.0244824948425268
NAIRU[34],5.152237312589193,2.6637266465082705,5.6051042466653715,3.146944923790259,5.448331488153924,2006 Q1,5.044552666666666,1.1320875624481808,1.3,1.014093197604904
NAIRU[35],5.117942106189545,2.677325117424359,5.576020551467905,3.1492316939501395,5.418530516309206,2006 Q2,4.857195366666667,1.2246973609973288,0,1.0039125028328044
NAIRU[36],5.082917249718948,2.555687788294976,5.538075731707004,3.0366317692035723,5.378847675823548,2006 Q3,4.678258233333334,-0.7532992307544895,1.1,0.8839836569141113
NAIRU[37],5.0618960108562785,2.4825232456337725,5.515555974406596,2.939843388035829,5.357088979740864,2006 Q4,4.515391533333333,-1.5166167471410752,3.2,1.0941028178208967
NAIRU[38],5.020086426723293,2.320799522269966,5.473834394063568,2.7577878038366683,5.3122377062888875,2007 Q1,4.549659466666666,-2.2771382412477337,1.1,0.9745610430512919
NAIRU[39],4.977529420162066,2.157405974570355,5.429599849613873,2.5869305355520513,5.268393469743048,2007 Q2,4.324776,-4.011999378942566,1.9,1.071821622002389
NAIRU[40],4.943286214020981,2.1702383689353657,5.3875594749310896,2.6066873839288855,5.230278237718129,2007 Q3,4.255168566666667,-4.050698427981736,1.2,1.0604553248797721
NAIRU[41],4.904069181297428,2.0796608177547578,5.349461796517863,2.5068494550415097,5.188261003841889,2007 Q4,4.353768033333333,-4.293342290860114,0.4,0.8403410796379518
NAIRU[42],4.860480251245976,2.0168221855040467,5.310099216168266,2.448073747586313,5.145810826486532,2008 Q1,4.085510833333333,-2.8225718064629035,0.5,1.0405921161116716
NAIRU[43],4.820735594577922,1.9362306829619704,5.272884181618969,2.407300636652131,5.1056023140591416,2008 Q2,4.258409866666667,-2.366974408590483,1.9,1.1322817830264675
NAIRU[44],4.7853744613379305,2.08392259097244,5.234599701723168,2.5472042025453105,5.074099483694182,2008 Q3,4.1849405,0.5888142625222414,0.5,1.1196045705085034
NAIRU[45],4.736632078868624,2.2630363328182805,5.182811454015157,2.7572111360496177,5.028999253068616,2008 Q4,4.4409917,15.997331929834147,0.8,0.9068072213969991
NAIRU[46],4.710362635517893,2.4724232369315593,5.1571578858417375,2.9855445032858827,5.0032747276302745,2009 Q1,5.307062133333333,17.60498742460772,-0.6,0.8986580697846414
NAIRU[47],4.710465404191728,2.923161106332944,5.157822607003521,3.4498240353185787,5.001260110941026,2009 Q2,5.728827166666667,12.903025974373161,0.7,0.7920833491444235
NAIRU[48],4.701506680027751,3.224700733699067,5.145819510382314,3.753645951897694,4.991614039680318,2009 Q3,5.683132533333334,6.166011635755986,2.2,0.39370129593390146
NAIRU[49],4.69053530883461,3.270769849706569,5.137278786710846,3.8068106324227147,4.982330857301796,2009 Q4,5.5577709,-12.760168444084918,0.6,0.782782862024689
NAIRU[50],4.704381617213825,3.4064145437379225,5.151422013706013,3.969596331301245,4.99846959603076,2010 Q1,5.328896833333333,-14.112877009846336,0.4,0.9699397088713368
NAIRU[51],4.681656660454017,3.430085866481911,5.127582741087005,3.952921073358999,4.969842995909544,2010 Q2,5.290768,-7.654007712233479,2.2,0.7692345623156349
NAIRU[52],4.646658527152256,3.350043955315157,5.101003957319583,3.883210885054231,4.941258612096098,2010 Q3,5.124878366666667,-3.0829158019901826,2.1,1.048127746758265
NAIRU[53],4.6108955196185235,3.369393709218245,5.063628081150994,3.889967876798929,4.903059928339074,2010 Q4,5.090218133333333,-2.3438572972017013,1.4,1.037255881562249
NAIRU[54],4.593044025909515,3.5323858530239187,5.041681514710047,4.030356483394445,4.884505727483844,2011 Q1,4.9673792,-4.185525773661247,0,0.9337135995940216
NAIRU[55],4.59490771512772,3.697595801273307,5.035915764417384,4.156175250619386,4.874302609817006,2011 Q2,4.9630677,-5.84962066816086,2.3,0.740744127786197
NAIRU[56],4.5803904452785655,3.7175902019197,5.020069310025886,4.165896988489645,4.857035206751204,2011 Q3,5.194879766666666,-5.760499194271507,1.5,0.8268306176947071
NAIRU[57],4.555672400256881,3.7037163359370826,4.996868240439654,4.144111422055628,4.8350792099948,2011 Q4,5.205116,0,0.2,1.001373866050237
NAIRU[58],4.532957866297222,3.74998347629137,4.980949587256027,4.146541965200278,4.815188152121632,2012 Q1,5.1413123,-2.2111453607431386,1.2,0.9914457057178083
NAIRU[59],4.52209144057343,3.8689255459883802,4.971645108405106,4.1800948883071385,4.804563659091194,2012 Q2,5.119095066666667,1.197619104671599,0.9,0.892863074430128
NAIRU[60],4.531632049432723,3.9900175525395287,5.0101922672482555,4.2225509393030585,4.827059302842347,2012 Q3,5.275867166666667,0,-0.2,0.7968169649177348
NAIRU[61],4.53578432228645,4.0551303482023595,5.082542946819904,4.239234514006383,4.855142066818202,2012 Q4,5.366378533333333,-1.996074256253788,0.8,0.7029905928257918
NAIRU[62],4.554043556121535,4.077568531463664,5.220953027025658,4.2544561728437245,4.907198265435332,2013 Q1,5.4757147,0.708863727773501,-0.1,0.6980831141340182
NAIRU[63],4.568870891324613,4.073252856876949,5.406841405093522,4.252681423601186,4.989906117739087,2013 Q2,5.631051,-0.5970166986504211,0.7,0.6068505836380744
NAIRU[64],4.560568912430415,4.058369934485277,5.546179427856167,4.2350328160459805,5.0858736831646265,2013 Q3,5.728568366666667,5.475463371835865,0.6,0.6031901097706793
NAIRU[65],4.542487454702349,4.022827459553111,5.653107137376214,4.2038718023130075,5.167590088589917,2013 Q4,5.8398981333333335,4.629088381435409,1.8,0.6849341845574841
NAIRU[66],4.521399997325957,3.986898397286692,5.852208090246784,4.173548909566762,5.363046973580196,2014 Q1,5.898870633333334,7.669939312596341,0.3,0.7649846060403753
NAIRU[67],4.485663290236561,3.9411421397222095,6.0564574652649865,4.129117787881959,5.579851637627197,2014 Q2,5.9273562,4.964523048916547,0.8,0.5067578412305984
NAIRU[68],4.436722429819777,3.8844752374282954,6.215552262696216,4.0784444986627175,5.745881391612469,2014 Q3,6.1702621,-0.19047624806542984,0.7,0.5879899342879469
NAIRU[69],4.388237017890754,3.8358213589453944,6.364386187300351,4.023847902635495,5.88829987581997,2014 Q4,6.2530794,3.8702329019038473,0.8,0.5845528127435884
NAIRU[70],4.340117449636851,3.7841687704051328,6.516722325402848,3.976302666188112,6.034844178920781,2015 Q1,6.203302166666667,4.923510299768541,-1.1,0.581155641477693
NAIRU[71],4.291850738430148,3.736793057662137,6.656378809606812,3.9280332807007574,6.182346291849,2015 Q2,6.0167187,6.346957394866681,0.6,0.4954593124683271
NAIRU[72],4.244938125353885,3.693027487734115,6.750547448811029,3.884182392794808,6.285222805375516,2015 Q3,6.179565333333334,9.97202349434545,1,0.5749502491260827
NAIRU[73],4.210229326565675,3.657253478819245,6.816385482407432,3.851507072932276,6.369909175726601,2015 Q4,5.8343175,8.430710645999362,0.4,0.49019706002066954
NAIRU[74],4.180483587872432,3.630865520897547,6.841026530921147,3.826594810578443,6.40111630761819,2016 Q1,5.796893633333333,3.9254931018431805,-0.2,0.4878058453432921
NAIRU[75],4.172016241953381,3.625234475045032,6.874346216800976,3.8211062333538655,6.435818507213491,2016 Q2,5.6870614999999995,2.2037031046728828,0.6,0.48543784647980814
NAIRU[76],4.157284184746237,3.6279485985085596,6.864108183551987,3.8117437042739746,6.419333344224434,2016 Q3,5.658726533333334,-2.092491342424818,0.3,0.40273916699824497
NAIRU[77],4.1510495947762145,3.625396660478406,6.796374442239843,3.806237387749434,6.353081011819479,2016 Q4,5.7332262,-4.082199452025481,-0.6,0.4811556997222688
NAIRU[78],4.151808258914611,3.6302310100871873,6.7489943884373105,3.8132785996966145,6.305683431520133,2017 Q1,5.8083196,-3.3046485355948008,-0.5,0.5584378293900016
NAIRU[79],4.151113094448953,3.643071021236555,6.722185110366397,3.8218660535087117,6.2768128938116385,2017 Q2,5.5925758000000005,-0.9636517848274018,0.9,0.4761913760243708
NAIRU[80],4.151099648470817,3.64246952950587,6.6298490138846695,3.8226324151456277,6.187048220958181,2017 Q3,5.5341101,-1.5986130846302515,1,0.4739345363896419
NAIRU[81],4.152405375694821,3.6525723547955007,6.58117767402217,3.8289505104096735,6.145168380413478,2017 Q4,5.491339666666667,-0.44424773195608225,0.8,0.5500996190347607
NAIRU[82],4.141180493819473,3.6515414717309915,6.45566427237255,3.826713878660285,6.01903495701203,2018 Q1,5.5460239,-0.5319161477600254,0.7,0.46911735758801143
NAIRU[83],4.12833586647689,3.644753730600927,6.27984652821546,3.8196015684576134,5.861212451044906,2018 Q2,5.4403123,0.4391750580978737,0,0.6220859875102569
NAIRU[84],4.1197175259554495,3.6436044222226416,6.168245740587888,3.8139356734446985,5.7657460515624654,2018 Q3,5.1876283,3.5183928124475905,0.8,0.6182399908317926
NAIRU[85],4.113132496083113,3.647738123198922,6.099217505698062,3.8100696050036804,5.698778900304013,2018 Q4,5.042911233333333,3.4999197780220648,1.3,0.5378422492758439
NAIRU[86],4.109143978773618,3.6437269369793674,6.015971861380827,3.8097112680179226,5.624307600636728,2019 Q1,5.042161233333333,3.2359622773336483,-0.1,0.5349649747239837
NAIRU[87],4.111998313011743,3.6502110452182364,5.98497506200805,3.811881841354848,5.585631086159477,2019 Q2,5.224567733333333,2.851165052596638,2,0.6079046076382433
NAIRU[88],4.125323920499946,3.6660994058843532,5.991487245036369,3.8262666440635598,5.5959384140890815,2019 Q3,5.256432566666667,2.3068088250274066,0.5,0.5289018751791552
NAIRU[89],4.150309535192299,3.6939300440751857,5.9989752137454015,3.8503251787585677,5.598607681356688,2019 Q4,5.1711290666666665,2.1268347403926136,1.3,0.5261192143361626
NAIRU[90],4.184195088832218,3.7276219165283204,6.0359593160757905,3.886361746713638,5.6128136110805285,2020 Q1,5.1843763,2.4650631943442747,1.4,0.5233656806108655
NAIRU[91],4.2071096445523395,3.7510186998843134,6.013154425155354,3.9090882934248037,5.582676347373464,2020 Q2,6.9041982,3.843413733926049,5.9,0.2234637801416639
NAIRU[92],4.2197519622044215,3.7724047984389086,6.027664692739338,3.9235551506613877,5.58693359666357,2020 Q3,7.058256933333333,-0.9333966790475046,-1.8,0.07437709528446135
NAIRU[93],4.218720608407972,3.7752947248852644,5.924846563432247,3.926138261477369,5.477332999958638,2020 Q4,6.771440733333334,-2.2989518224698635,-0.2,0.5190964566970102
NAIRU[94],4.215676455014645,3.787298946358305,5.78909159737697,3.9310341017889106,5.355964516067257,2021 Q1,5.928383266666667,-4.464260590811708,0.9,0.6634746048556295
NAIRU[95],4.218160701431713,3.8020255347856886,5.685733714527725,3.947036111093521,5.2354826188135615,2021 Q2,5.201759,-6.782259633876109,0.3,0.5130095531030499
NAIRU[96],4.2154071459240825,3.808912109481335,5.378176371827036,3.9519444762183698,4.946598481450023,2021 Q3,4.672518066666667,1.1864545956192352,2.7,0.4376374599798005
NAIRU[97],4.220871329182418,3.827861958249892,5.003217250882225,3.9733141241612007,4.6297424790120285,2021 Q4,4.6923769,5.202515398928043,0.4,0.7251663395321017
NAIRU[98],4.193191355078294,3.793740082123461,4.662458028983733,3.957818961363346,4.459870704394503,2022 Q1,4.0556334,9.299286684916463,1.6,0.6481837602190232
NAIRU[99],4.142705787637775,3.4274784753698997,4.517098240711803,3.8112706986715916,4.376288722734721,2022 Q2,3.801785766666667,8.08520966290951,-0.7,0.7865610805951384
NAIRU[100],4.166264813321352,3.0248927657568556,4.544685647966512,3.4323306292399915,4.40882581172678,2022 Q3,3.5312898666666666,8.939550265436758,0.9,0.9922122506315745
NAIRU[101],4.211224230126795,2.696967109044228,4.587275546947947,3.103140748497893,4.45307477094547,2022 Q4,3.4913950666666667,8.687509078839728,0.1,0.9126072464377799
NAIRU[102],4.268353101600301,2.4969289918329003,4.647496248679509,2.902195509830211,4.510916425998345,2023 Q1,3.6161255,4.382547954002902,0.7,0.9043539896321562
NAIRU[103],4.281862009453629,2.100080753911892,4.660628161154391,2.4622300196636147,4.525259936638016,2023 Q2,3.6082628666666667,6.271647386762602,0,0.827590930385913
NAIRU[104],4.295907334669722,1.8434770952531327,4.678292973345416,2.192907566569865,4.544367753986469,2023 Q3,3.6589056666666666,1.3772214621226908,3.3,1.2965040017289375
NAIRU[105],4.294321528153786,1.881902945891477,4.678170695538928,2.234567913269369,4.545356373064903,2023 Q4,3.896382233333333,0.5979091056057761,2.2,1.0789045990818202
NAIRU[106],4.278690236965758,1.9441097293968668,4.6656724395087465,2.2903849658826334,4.531262162595398,2024 Q1,3.9012506,1.0662705744040046,0.7,0.7350517559340908
NAIRU[107],4.284287974568305,2.009057756482795,4.678913164945723,2.35690342715649,4.54612643993018,2024 Q2,4.047912166666666,0.9077218151117172,0.6,0.8617885619389476
NAIRU[108],4.304632886898533,2.0815560803277617,4.711803557026343,2.441731523214844,4.567736343834859,2024 Q3,4.124354933333334,1.1333706509849328,0.6,0.7889587275163201
NAIRU[109],4.304754354575039,2.075458746605178,4.728315324611106,2.442567066958925,4.57936755780303,2024 Q4,4.003016266666667,0.4460973940624946,1.9,0.782782862024689
NAIRU[110],4.309939772001359,2.065756523066134,4.76194520426747,2.451559924386606,4.601940689565959,2025 Q1,4.077463366666667,3.2056416116116537,0.9,0.9055689309808379
NAIRU[111],4.302423181676259,2.0155114882341696,4.783649343792402,2.4292317112373873,4.616614231733526,2025 Q2,4.166977666666667,2.967576814611661,1.1,0.833605340206045
NAIRU[112],4.303717742930039,1.9657754667350498,4.822294859973662,2.4264883023909243,4.634618194175911,2025 Q3,4.323938933333333,2.0818595756032288,0.8191633790507297,0.8395307714500861
>>>>>>> Stashed changes
=======
NAIRU[1],5.787152802086835,5.469160809960257,6.083451642684624,5.588347505967096,5.979423659825436,1997 Q4,7.976871933333333,6.3871470386661855,0.4,0.8968669982760247
NAIRU[2],5.84118839018953,5.502439052350903,6.15733969789751,5.627531913688109,6.044309023846437,1998 Q1,7.8403206,8.205906323515144,0,0.8888947417245774
NAIRU[3],5.892522241239316,5.538423940626627,6.232274544436029,5.667806769513184,6.105883929343055,1998 Q2,7.7336126,10.244080555449209,0.4,0.7347571630394789
NAIRU[4],5.939718255855928,5.571623093303179,6.2992372027885235,5.713972251850729,6.16579294620219,1998 Q3,7.7878253,11.102625319350423,3.1,0.729397836255341
NAIRU[5],5.9748759980227,5.5973705042489215,6.343346881122087,5.74137880680953,6.209214540635458,1998 Q4,7.3745465999999995,6.51638942498538,0.2,0.7241161256559714
NAIRU[6],6.010026033641536,5.630013564104159,6.393907453668529,5.772376782250864,6.252035626449132,1999 Q1,7.0822801,3.2587647998844282,0.2,0.862074304390692
NAIRU[7],6.037519349804764,5.650179062128711,6.436864148849888,5.795846074381244,6.286006392051093,1999 Q2,6.885881366666666,-1.1469027348764982,1.6,0.712761392423289
NAIRU[8],6.079222870529925,5.677003631587328,6.486324411475052,5.82878901814075,6.333340837943571,1999 Q3,6.8740763,-5.666003356549165,0,0.7077170374084396
NAIRU[9],6.138841333718375,5.723164433215437,6.562438634620605,5.87704783784283,6.402801342216483,1999 Q4,6.633631266666667,-3.9118416595471217,0.9,0.7027435807457572
NAIRU[10],6.186065243322194,5.765903395649008,6.622931356909446,5.919510735107947,6.453548568243476,2000 Q1,6.650682266666666,-2.0131970951924316,1.5,0.5586606708638975
NAIRU[11],6.234118360664407,5.809088777746624,6.68418083311955,5.965439137425782,6.509353494671777,2000 Q2,6.3018415999999995,4.170891253848286,-0.7,0.9702085806450711
NAIRU[12],6.270721575653534,5.833377437045061,6.724642652799786,5.995553909508128,6.553714766839154,2000 Q3,5.989475933333333,5.919918008416758,1.6,0.8241804895104288
NAIRU[13],6.290784715848635,5.8498971218395655,6.751659615644962,6.011512364147538,6.576374242354003,2000 Q4,6.1718063999999995,8.981477240732882,3.1,0.95303648506934735
NAIRU[14],6.286738449562453,5.841886034478814,6.754774435736427,6.007211470181249,6.576249440174871,2001 Q1,6.366921866666667,8.228463259096674,2,0.944039377908723
NAIRU[15],6.2779554077136215,5.826118772254534,6.749330203713666,5.994529020888763,6.571424295591427,2001 Q2,6.869281033333333,8.246203732647572,0.5,0.9352105570280322
NAIRU[16],6.24619609393787,5.796074886665784,6.718139336034998,5.962938801072463,6.537464426886004,2001 Q3,6.867468833333334,5.66886876816568,1.2,0.6626929487609345
NAIRU[17],6.213151111731398,5.770736895615354,6.686003501649747,5.931481747435903,6.508581886360767,2001 Q4,6.979271533333333,2.8755974987303645,1.4,0.7894777847007539
NAIRU[18],6.175889328947853,5.73775909957571,6.646239242226541,5.894381743882458,6.467217759073276,2002 Q1,6.626567866666667,1.9355442952956103,0.5,0.7832938221187469
NAIRU[19],6.1218022649562105,5.686243355058012,6.586170951785128,5.845343078277968,6.410215140183116,2002 Q2,6.404474766666667,-4.324132417319415,1.8,0.7772059847702906
NAIRU[20],6.069205079789535,5.636017444117055,6.526305052252164,5.792981757170687,6.352659701146885,2002 Q3,6.280212733333333,-2.753210339020118,0.8,0.8991711191963958
NAIRU[21],5.99650841675405,5.576363612750465,6.451221962605282,5.72458265702624,6.281712915735645,2002 Q4,6.1575767,-4.345011692652445,0,0.8911580300563493
NAIRU[22],5.945548449456576,5.52262739278035,6.394744220702932,5.676923508740176,6.225932488014461,2003 Q1,6.0556449,-4.659608729443221,0.5,1.0088357944340487
NAIRU[23],5.873659454184624,5.460578593601007,6.319067680595076,5.615142972512619,6.151510595398467,2003 Q2,6.050972933333333,-5.552309049921789,1.5,0.7500035156546403
NAIRU[24],5.8022259710501505,5.3942320556941725,6.247438397511903,5.545142769098738,6.078997798312899,2003 Q3,5.906948066666667,-8.031641781620547,1.3,0.8679533719723409
NAIRU[25],5.738445465774518,5.335387307441658,6.180091319647883,5.4814186761449,6.008803285685929,2003 Q4,5.708732366666667,-10.389959501815138,1.9,0.9828088936262525
NAIRU[26],5.6752198491620005,5.275721684902528,6.1048797399387755,5.416645163315236,5.9425372724923475,2004 Q1,5.537008233333333,-11.98772772594987,0.9,0.8521049731933239
NAIRU[27],5.617949958464486,5.218268508808717,6.04985019032554,5.359352439878155,5.88207038042085,2004 Q2,5.435607833333333,-6.52308022313326,1,0.8449054486527885
NAIRU[28],5.552083952973454,5.154968111957575,5.984452354531593,5.298470338513418,5.815537979771102,2004 Q3,5.4793238,-2.613938820303563,1.9,0.8378265645998084
NAIRU[29],5.49375562985187,5.102455986520352,5.922993061016308,5.244289395574038,5.761696173074415,2004 Q4,5.1174322,-2.0277192439150937,0.6,1.0669929324696348
NAIRU[30],5.432976508705833,5.038122621072354,5.860909364258863,5.181422791753645,5.699637101888798,2005 Q1,5.106875466666667,-0.5676458004804985,0.2,1.0557282805876866
NAIRU[31],5.384114854443245,4.992011576614394,5.8044249883619985,5.13347744010519,5.6477942223149356,2005 Q2,5.057009066666667,-2.6194201090823377,-0.1,1.0446989964655096
NAIRU[32],5.33049636901465,4.936367291617239,5.749542598160865,5.080407866096725,5.590482604816856,2005 Q3,4.958453066666666,-2.6841037524811817,2.4,0.9195467093100262
NAIRU[33],5.277971209006273,4.888834638648584,5.695948370575856,5.027787838927786,5.5369008206465296,2005 Q4,5.007769466666667,-1.0294896726862568,1.5,1.0244824948425268
NAIRU[34],5.225247019725817,4.835235574178769,5.639006368230538,4.9757697103014005,5.481618451292474,2006 Q1,5.044552666666666,1.1320875624481808,1.3,1.014093197604904
NAIRU[35],5.191925603068545,4.808900703877002,5.60967393841991,4.94988342788006,5.44819522890498,2006 Q2,4.857195366666667,1.2246973609973288,0,1.0039125028328044
NAIRU[36],5.155507706630032,4.773995121905246,5.5744532863989225,4.915593547185772,5.412893415036595,2006 Q3,4.678258233333334,-0.7532992307544895,1.1,0.8839836569141113
NAIRU[37],5.132030357671869,4.753961257638683,5.548469026245373,4.895002343097213,5.388463962159761,2006 Q4,4.515391533333333,-1.5166167471410752,3.2,1.0941028178208967
NAIRU[38],5.0922178552746304,4.717798847609818,5.500910184164766,4.851021739487434,5.345935419087704,2007 Q1,4.549659466666666,-2.2771382412477337,1.1,0.9745610430512919
NAIRU[39],5.050475164541268,4.679233228330884,5.460490973334916,4.810257636488594,5.303729040996526,2007 Q2,4.324776,-4.011999378942566,1.9,1.071821622002389
NAIRU[40],5.01602122610326,4.644491008751797,5.4215266195741325,4.778825565194229,5.263619538023986,2007 Q3,4.255168566666667,-4.050698427981736,1.2,1.0604553248797721
NAIRU[41],4.97143177387129,4.602275891506209,5.378313743381693,4.7377722715667,5.2220164512080585,2007 Q4,4.353768033333333,-4.293342290860114,0.4,0.8403410796379518
NAIRU[42],4.9293433683593335,4.56040756257172,5.339931324072967,4.696318811997573,5.182049836942502,2008 Q1,4.085510833333333,-2.8225718064629035,0.5,1.0405921161116716
NAIRU[43],4.889188366241626,4.5126915191139005,5.300849025725176,4.65206620431944,5.143660609316511,2008 Q2,4.258409866666667,-2.366974408590483,1.9,1.1322817830264675
NAIRU[44],4.856256734429532,4.4735046440398465,5.27263371842061,4.61374618071211,5.110062653711644,2008 Q3,4.1849405,0.5888142625222414,0.5,1.1196045705085034
NAIRU[45],4.809483924104468,4.422975236890532,5.22231587448485,4.566274838101418,5.065296581182885,2008 Q4,4.4409917,15.997331929834147,0.8,0.9068072213969991
NAIRU[46],4.783308330960055,4.392537716511756,5.199745676950152,4.538763358591487,5.04173244509221,2009 Q1,5.307062133333333,17.60498742460772,-0.6,0.8986580697846414
NAIRU[47],4.781698361464777,4.393747014551487,5.198383797192767,4.536731847309109,5.039300852185859,2009 Q2,5.728827166666667,12.903025974373161,0.7,0.7920833491444235
NAIRU[48],4.774668702894951,4.378756479907159,5.18439512660795,4.524832651562202,5.027795820583243,2009 Q3,5.683132533333334,6.166011635755986,2.2,0.39370129593390146
NAIRU[49],4.764207407567014,4.3644421494664805,5.178488112519078,4.513790544944874,5.019142165767989,2009 Q4,5.5577709,-12.760168444084918,0.6,0.782782862024689
NAIRU[50],4.776104370164923,4.3776366533850135,5.198300553848108,4.524323118083537,5.034584725570527,2010 Q1,5.328896833333333,-14.112877009846336,0.4,0.9699397088713368
NAIRU[51],4.753101452348011,4.355645128242883,5.171871517774474,4.500510543377274,5.00764458887539,2010 Q2,5.290768,-7.654007712233479,2.2,0.7692345623156349
NAIRU[52],4.720323093928284,4.320449046198606,5.13938188026899,4.465445516703751,4.978250398790053,2010 Q3,5.124878366666667,-3.0829158019901826,2.1,1.048127746758265
NAIRU[53],4.679688882572393,4.275003435338796,5.095208312127703,4.4265180585151365,4.9373684061290115,2010 Q4,5.090218133333333,-2.3438572972017013,1.4,1.037255881562249
NAIRU[54],4.657144938104178,4.2506464718585235,5.0676842840898235,4.403176541112082,4.914620691999138,2011 Q1,4.9673792,-4.185525773661247,0,0.9337135995940216
NAIRU[55],4.646644266925744,4.239330968241793,5.057917627823787,4.393272059295124,4.902509765009272,2011 Q2,4.9630677,-5.84962066816086,2.3,0.740744127786197
NAIRU[56],4.627161017278025,4.218291692321887,5.037238067027874,4.36990046722768,4.880653232245163,2011 Q3,5.194879766666666,-5.760499194271507,1.5,0.8268306176947071
NAIRU[57],4.602544154274822,4.183394311633577,5.016913473700579,4.34517781992528,4.8594493691418235,2011 Q4,5.205116,0,0.2,1.001373866050237
NAIRU[58],4.571174281723163,4.1508103141940955,4.985387785064782,4.307503828190889,4.826854143271563,2012 Q1,5.1413123,-2.2111453607431386,1.2,0.9914457057178083
NAIRU[59],4.535905106369141,4.109874867848026,4.948520771687086,4.271341277058839,4.795998666908044,2012 Q2,5.119095066666667,1.197619104671599,0.9,0.892863074430128
NAIRU[60],4.517618604731181,4.083920339664378,4.936020664455179,4.24958042072275,4.781116972777314,2012 Q3,5.275867166666667,0,-0.2,0.7968169649177348
NAIRU[61],4.496559558777639,4.054451225517656,4.916590924368998,4.219982242190204,4.762648154936734,2012 Q4,5.366378533333333,-1.996074256253788,0.8,0.7029905928257918
NAIRU[62],4.479234222427063,4.030342903536218,4.9091684891489,4.202615247395058,4.748851671584254,2013 Q1,5.4757147,0.708863727773501,-0.1,0.6980831141340182
NAIRU[63],4.468333964005533,4.009768154735343,4.896797532877426,4.18063102376574,4.737252985229771,2013 Q2,5.631051,-0.5970166986504211,0.7,0.6068505836380744
NAIRU[64],4.448074937221376,3.9826321174169825,4.884149241205905,4.157133467633452,4.72302511919926,2013 Q3,5.728568366666667,5.475463371835865,0.6,0.6031901097706793
NAIRU[65],4.418553416124322,3.9445789896455428,4.86171789695338,4.123531406318238,4.695666395597549,2013 Q4,5.8398981333333335,4.629088381435409,1.8,0.6849341845574841
NAIRU[66],4.386599548931327,3.904652148301632,4.832679922092984,4.087188702745614,4.667047917016923,2014 Q1,5.898870633333334,7.669939312596341,0.3,0.7649846060403753
NAIRU[67],4.3457674513928195,3.8663846901261563,4.7969911899188675,4.046252147240302,4.629365385099781,2014 Q2,5.9273562,4.964523048916547,0.8,0.5067578412305984
NAIRU[68],4.293975812774272,3.8108760998830147,4.745369762271695,3.9972471605787003,4.582427058237538,2014 Q3,6.1702621,-0.19047624806542984,0.7,0.5879899342879469
NAIRU[69],4.246646500299941,3.757448762587345,4.696606541323402,3.9475054604663895,4.529474751515825,2014 Q4,6.2530794,3.8702329019038473,0.8,0.5845528127435884
NAIRU[70],4.194793007904789,3.7052841702574018,4.644847214371735,3.8954116090394297,4.478861930617324,2015 Q1,6.203302166666667,4.923510299768541,-1.1,0.581155641477693
NAIRU[71],4.14642531112647,3.6596075701796655,4.5968396802025175,3.8492416619687333,4.432149730834659,2015 Q2,6.0167187,6.346957394866681,0.6,0.4954593124683271
NAIRU[72],4.1032743394848605,3.6216864869092427,4.5499436400866875,3.8061516551556593,4.384362852737082,2015 Q3,6.179565333333334,9.97202349434545,1,0.5749502491260827
NAIRU[73],4.069905371966034,3.591251608021225,4.51036552294545,3.7756280340472133,4.352590471602369,2015 Q4,5.8343175,8.430710645999362,0.4,0.49019706002066954
NAIRU[74],4.043055540794296,3.5683603122904155,4.476781655105212,3.7495744857673188,4.318981060464089,2016 Q1,5.796893633333333,3.9254931018431805,-0.2,0.4878058453432921
NAIRU[75],4.032185338767912,3.564170482768286,4.468640359048401,3.7400879794410495,4.305278797613279,2016 Q2,5.6870614999999995,2.2037031046728828,0.6,0.48543784647980814
NAIRU[76],4.023816650242861,3.563055260120662,4.453327163831628,3.7391389593139785,4.290439205543144,2016 Q3,5.658726533333334,-2.092491342424818,0.3,0.40273916699824497
NAIRU[77],4.016680468530264,3.5588349647047464,4.439109114456829,3.736651869414345,4.282792841356222,2016 Q4,5.7332262,-4.082199452025481,-0.6,0.4811556997222688
NAIRU[78],4.019812907243383,3.564116883051793,4.43871023357229,3.7382904767335527,4.286707388331675,2017 Q1,5.8083196,-3.3046485355948008,-0.5,0.5584378293900016
NAIRU[79],4.024060725392221,3.5703027394356206,4.439727603438529,3.7434588369586317,4.286403578851928,2017 Q2,5.5925758000000005,-0.9636517848274018,0.9,0.4761913760243708
NAIRU[80],4.02016525501408,3.578093017788027,4.430345525532081,3.745436214655148,4.282334290672025,2017 Q3,5.5341101,-1.5986130846302515,1,0.4739345363896419
NAIRU[81],4.023367188659229,3.588586003969931,4.433375790129868,3.7544497880264256,4.283571300243174,2017 Q4,5.491339666666667,-0.44424773195608225,0.8,0.5500996190347607
NAIRU[82],4.01577907365686,3.5879557821788524,4.420019144486711,3.7527303310646056,4.271152824502295,2018 Q1,5.5460239,-0.5319161477600254,0.7,0.46911735758801143
NAIRU[83],4.003519914173711,3.5792494719766115,4.407503097727697,3.7439310617331225,4.258723552534854,2018 Q2,5.4403123,0.4391750580978737,0,0.6220859875102569
NAIRU[84],3.998721589212484,3.5779072942444596,4.387922552092013,3.7374653050033277,4.2460486136238496,2018 Q3,5.1876283,3.5183928124475905,0.8,0.6182399908317926
NAIRU[85],3.995304022446402,3.578210122643703,4.383835472528302,3.736474270686731,4.242468388000155,2018 Q4,5.042911233333333,3.4999197780220648,1.3,0.5378422492758439
NAIRU[86],3.991968840992535,3.5783564729171027,4.374631265855184,3.7338260219386554,4.231232291944766,2019 Q1,5.042161233333333,3.2359622773336483,-0.1,0.5349649747239837
NAIRU[87],3.994096943646788,3.584200495981342,4.380713832817381,3.7363927701829307,4.234164305673462,2019 Q2,5.224567733333333,2.851165052596638,2,0.6079046076382433
NAIRU[88],4.006351142570712,3.5908532882983843,4.397828305602812,3.7522600369647052,4.251967651140745,2019 Q3,5.256432566666667,2.3068088250274066,0.5,0.5289018751791552
NAIRU[89],4.026515559565784,3.621198160533173,4.421675734911933,3.772510950278085,4.2757670524796865,2019 Q4,5.1711290666666665,2.1268347403926136,1.3,0.5261192143361626
NAIRU[90],4.063529856952304,3.6522719591302386,4.45738661651535,3.806179184565629,4.314206495511023,2020 Q1,5.1843763,2.4650631943442747,1.4,0.5233656806108655
NAIRU[91],4.087206273634431,3.679858682656928,4.480916846656124,3.833875471730944,4.336127480283324,2020 Q2,6.9041982,3.843413733926049,5.9,0.2234637801416639
NAIRU[92],4.102522274455886,3.6981445852381003,4.493745427625606,3.8471502632152887,4.345816464307139,2020 Q3,7.058256933333333,-0.9333966790475046,-1.8,0.07437709528446135
NAIRU[93],4.102161904386105,3.708924976145563,4.491447293546448,3.8530305691999933,4.3463291777263,2020 Q4,6.771440733333334,-2.2989518224698635,-0.2,0.5190964566970102
NAIRU[94],4.102343659165104,3.7204890264899095,4.482960023018868,3.8587355788650504,4.339970563214586,2021 Q1,5.928383266666667,-4.464260590811708,0.9,0.6634746048556295
NAIRU[95],4.112717423813082,3.7390875123099327,4.488128761454801,3.8767342491004255,4.347461841317958,2021 Q2,5.201759,-6.782259633876109,0.3,0.5130095531030499
NAIRU[96],4.120146283584977,3.7570154012568557,4.485718616857375,3.8899006667263154,4.3450920081307505,2021 Q3,4.672518066666667,1.1864545956192352,2.7,0.4376374599798005
NAIRU[97],4.141845252879795,3.7929489759435056,4.500691383096194,3.9212063171577958,4.366227306570633,2021 Q4,4.6923769,5.202515398928043,0.4,0.7251663395321017
NAIRU[98],4.163360196877006,3.827026977699683,4.518825699844402,3.9510148438646686,4.3804988407789445,2022 Q1,4.0556334,9.299286684916463,1.6,0.6481837602190232
NAIRU[99],4.185351596466469,3.8584344718854564,4.530351423185337,3.976282143984017,4.393656501020812,2022 Q2,3.801785766666667,8.08520966290951,-0.7,0.7865610805951384
NAIRU[100],4.228581960789207,3.906607033346867,4.571607757937359,4.027527233505519,4.440725837659215,2022 Q3,3.5312898666666666,8.939550265436758,0.9,0.9922122506315745
NAIRU[101],4.273290656651917,3.9553788473578275,4.610543422029969,4.073745538187804,4.484351222328712,2022 Q4,3.4913950666666667,8.687509078839728,0.1,0.9126072464377799
NAIRU[102],4.331846502939088,4.017716354460539,4.676208529798598,4.131924311655238,4.545059927966764,2023 Q1,3.6161255,4.382547954002902,0.7,0.9043539896321562
NAIRU[103],4.345177641631997,4.032022068709061,4.691189200011271,4.146808403723629,4.561145315308039,2023 Q2,3.6082628666666667,6.271647386762602,0,0.827590930385913
NAIRU[104],4.358670832554509,4.043463027825639,4.709478932954139,4.15624329561483,4.576693882500293,2023 Q3,3.6589056666666666,1.3772214621226908,3.3,1.2965040017289375
NAIRU[105],4.358699427596408,4.039051087624298,4.711671985271967,4.155143383263493,4.580232900067248,2023 Q4,3.896382233333333,0.5979091056057761,2.2,1.0789045990818202
NAIRU[106],4.345665469096277,4.021178077734319,4.702405829373974,4.1373172570334775,4.566806511966593,2024 Q1,3.9012506,1.0662705744040046,0.7,0.7350517559340908
NAIRU[107],4.357435616692813,4.021866804895546,4.714934655294769,4.1425251220975285,4.578218329564425,2024 Q2,4.047912166666666,0.9077218151117172,0.6,0.8617885619389476
NAIRU[108],4.376910277593908,4.030546953250529,4.746889710129653,4.156635085114653,4.607976554915513,2024 Q3,4.124354933333334,1.1333706509849328,0.6,0.7889587275163201
NAIRU[109],4.380488290985072,4.025468046601571,4.766900894416854,4.151365157337295,4.621632080092476,2024 Q4,4.003016266666667,0.4460973940624946,1.9,0.782782862024689
NAIRU[110],4.391706258433635,4.008892132977845,4.799295234348686,4.146264657494338,4.648968913129256,2025 Q1,4.077463366666667,3.2056416116116537,0.9,0.9055689309808379
NAIRU[111],4.390483401369332,3.987396566944131,4.820299115524282,4.130034581716628,4.667127183531679,2025 Q2,4.166977666666667,2.967576814611661,1.1,0.833605340206045
NAIRU[112],4.400869391931172,3.967125935030512,4.858752276160585,4.124469033201832,4.689552992911933,2025 Q3,4.323938933333333,2.0818595756032288,0.8083513138730446,0.8252653696165568
>>>>>>> Stashed changes
=======
NAIRU[1],5.780074405320539,5.4663438992751265,6.080165962624069,5.581976849438564,5.976687006358829,1997 Q4,7.976871933333333,6.3871470386661855,0.4,0.8968669982760247
NAIRU[2],5.833015726613461,5.49762810578268,6.154487201540252,5.62022116807802,6.04084057543504,1998 Q1,7.8403206,8.205906323515144,0,0.8888947417245774
NAIRU[3],5.882749658060312,5.538029763046796,6.230727171186564,5.6619727386919365,6.101905064009589,1998 Q2,7.7336126,10.244080555449209,0.4,0.7347571630394789
NAIRU[4],5.933301778638211,5.5790276902279246,6.29998124761107,5.705407241563569,6.162433825887696,1998 Q3,7.7878253,11.102625319350423,3.1,0.729397836255341
NAIRU[5],5.971582206701772,5.604642394848238,6.347803680752901,5.736030095089313,6.205176837050918,1998 Q4,7.3745465999999995,6.51638942498538,0.2,0.7241161256559714
NAIRU[6],6.008864721453179,5.629693956200052,6.400793061266948,5.767025288374208,6.2510555328527015,1999 Q1,7.0822801,3.2587647998844282,0.2,0.862074304390692
NAIRU[7],6.037267406068652,5.655653701107452,6.437084386061302,5.7918726858081175,6.2867624865336715,1999 Q2,6.885881366666666,-1.1469027348764982,1.6,0.712761392423289
NAIRU[8],6.0766405663336265,5.68945292148076,6.492177205388452,5.827709083133211,6.336525113180324,1999 Q3,6.8740763,-5.666003356549165,0,0.7077170374084396
NAIRU[9],6.1336105794182645,5.732490738515494,6.567976384188346,5.877587434713712,6.402840723862317,1999 Q4,6.633631266666667,-3.9118416595471217,0.9,0.7027435807457572
NAIRU[10],6.178262782515246,5.770264983735469,6.624434451995384,5.919940397629318,6.459072222146096,2000 Q1,6.650682266666666,-2.0131970951924316,1.5,0.5586606708638975
NAIRU[11],6.230718416706112,5.813236250719532,6.6844211682274555,5.962964851488838,6.517417459893477,2000 Q2,6.3018415999999995,4.170891253848286,-0.7,0.9702085806450711
NAIRU[12],6.268341335070765,5.840645446729003,6.729650012831819,5.995861591459773,6.557342403604945,2000 Q3,5.989475933333333,5.919918008416758,1.6,0.8241804895104288
NAIRU[13],6.289933103121895,5.853346688605168,6.762396678699856,6.013325268695426,6.5824507465366855,2000 Q4,6.1718063999999995,8.981477240732882,3.1,0.95303648506934735
NAIRU[14],6.289334976787383,5.847371130503194,6.761418857047098,6.009562838587627,6.578069892603705,2001 Q1,6.366921866666667,8.228463259096674,2,0.944039377908723
NAIRU[15],6.276540757562351,5.831544626284925,6.7540834708548125,5.996146483289166,6.570975851956232,2001 Q2,6.869281033333333,8.246203732647572,0.5,0.9352105570280322
NAIRU[16],6.2480006294184065,5.803829644583325,6.718183125020383,5.964441153650769,6.538522174602238,2001 Q3,6.867468833333334,5.66886876816568,1.2,0.6626929487609345
NAIRU[17],6.21543327456994,5.7727022634910226,6.69025303606003,5.931750246967762,6.508436820665082,2001 Q4,6.979271533333333,2.8755974987303645,1.4,0.7894777847007539
NAIRU[18],6.173993544592221,5.7407094153707945,6.64751486343507,5.897468921295627,6.469010205317001,2002 Q1,6.626567866666667,1.9355442952956103,0.5,0.7832938221187469
NAIRU[19],6.123008400239092,5.692766706913731,6.589574740379529,5.848070182205832,6.411414962787574,2002 Q2,6.404474766666667,-4.324132417319415,1.8,0.7772059847702906
NAIRU[20],6.071158201895319,5.647044764610654,6.539271116155172,5.797939441518702,6.35605233342923,2002 Q3,6.280212733333333,-2.753210339020118,0.8,0.8991711191963958
NAIRU[21],6.000439046624877,5.580572203076363,6.4638209787148115,5.732810752240611,6.283301647310748,2002 Q4,6.1575767,-4.345011692652445,0,0.8911580300563493
NAIRU[22],5.946020920652586,5.534923018834844,6.403873277331916,5.683014862194954,6.2231337196301855,2003 Q1,6.0556449,-4.659608729443221,0.5,1.0088357944340487
NAIRU[23],5.877320079140954,5.473289519923412,6.328415352881193,5.620908333972681,6.153332491206952,2003 Q2,6.050972933333333,-5.552309049921789,1.5,0.7500035156546403
NAIRU[24],5.807172768723676,5.40537032570189,6.258561950554419,5.548887084915858,6.079024951447862,2003 Q3,5.906948066666667,-8.031641781620547,1.3,0.8679533719723409
NAIRU[25],5.742160512493143,5.345700937391352,6.190601018609824,5.4869414318700915,6.016094314901511,2003 Q4,5.708732366666667,-10.389959501815138,1.9,0.9828088936262525
NAIRU[26],5.677757557988087,5.281049527885516,6.120354401023303,5.4234600293238895,5.942635988210697,2004 Q1,5.537008233333333,-11.98772772594987,0.9,0.8521049731933239
NAIRU[27],5.6183631046204505,5.230826821093225,6.056749023600949,5.3674654526238355,5.885735324907148,2004 Q2,5.435607833333333,-6.52308022313326,1,0.8449054486527885
NAIRU[28],5.554312251811297,5.166574178281171,5.989771164557187,5.30651378479563,5.820201423845846,2004 Q3,5.4793238,-2.613938820303563,1.9,0.8378265645998084
NAIRU[29],5.499176435974655,5.115472355445054,5.933353026299012,5.252436104920997,5.762134487598463,2004 Q4,5.1174322,-2.0277192439150937,0.6,1.0669929324696348
NAIRU[30],5.437912119113051,5.054909946662123,5.868608893115123,5.191422099084911,5.701915635255157,2005 Q1,5.106875466666667,-0.5676458004804985,0.2,1.0557282805876866
NAIRU[31],5.387657454662035,5.006680049369481,5.816009523099374,5.145982369341377,5.64928858758792,2005 Q2,5.057009066666667,-2.6194201090823377,-0.1,1.0446989964655096
NAIRU[32],5.333507943943802,4.94964767142923,5.758435129612224,5.087839680050903,5.592767499640706,2005 Q3,4.958453066666666,-2.6841037524811817,2.4,0.9195467093100262
NAIRU[33],5.2775211468189465,4.902325951293022,5.707287055544413,5.037678165746012,5.539612367714478,2005 Q4,5.007769466666667,-1.0294896726862568,1.5,1.0244824948425268
NAIRU[34],5.2261973161278386,4.850139496620275,5.65128310863757,4.9863689791531165,5.4841408813962556,2006 Q1,5.044552666666666,1.1320875624481808,1.3,1.014093197604904
NAIRU[35],5.193899816399719,4.822887056299084,5.615263771057474,4.957611289280618,5.451492513173555,2006 Q2,4.857195366666667,1.2246973609973288,0,1.0039125028328044
NAIRU[36],5.158232389263813,4.783167211344259,5.578768545333692,4.920068271996148,5.4119995936298295,2006 Q3,4.678258233333334,-0.7532992307544895,1.1,0.8839836569141113
NAIRU[37],5.134020296649701,4.76580781238707,5.557166863166658,4.900751532186725,5.389043088837241,2006 Q4,4.515391533333333,-1.5166167471410752,3.2,1.0941028178208967
NAIRU[38],5.091599465655735,4.723627435114764,5.508964315768636,4.856902624084649,5.345322360659472,2007 Q1,4.549659466666666,-2.2771382412477337,1.1,0.9745610430512919
NAIRU[39],5.049264176370265,4.683356688384138,5.469661937245709,4.815845643178655,5.301339291929571,2007 Q2,4.324776,-4.011999378942566,1.9,1.071821622002389
NAIRU[40],5.019140672692805,4.6584024367666945,5.431291327928426,4.784317170119724,5.267438574044382,2007 Q3,4.255168566666667,-4.050698427981736,1.2,1.0604553248797721
NAIRU[41],4.9764154260077405,4.614181187496392,5.381339111141619,4.744219663367829,5.22662101837195,2007 Q4,4.353768033333333,-4.293342290860114,0.4,0.8403410796379518
NAIRU[42],4.935213121102854,4.571311752330411,5.3408081589181595,4.7029627286358755,5.187504715112975,2008 Q1,4.085510833333333,-2.8225718064629035,0.5,1.0405921161116716
NAIRU[43],4.89822197992558,4.52707079506501,5.304318805405151,4.661421012504937,5.145509111464281,2008 Q2,4.258409866666667,-2.366974408590483,1.9,1.1322817830264675
NAIRU[44],4.8647289634725475,4.48497349682847,5.2676078192979325,4.6259485418103665,5.114479146303428,2008 Q3,4.1849405,0.5888142625222414,0.5,1.1196045705085034
NAIRU[45],4.818063497435477,4.436192332315622,5.217490210813237,4.577157385966057,5.068190513341354,2008 Q4,4.4409917,15.997331929834147,0.8,0.9068072213969991
NAIRU[46],4.7896613903571765,4.4051714783124325,5.199192976587107,4.5464889055315645,5.041330971449039,2009 Q1,5.307062133333333,17.60498742460772,-0.6,0.8986580697846414
NAIRU[47],4.78882514478331,4.4039335353719595,5.192303598881611,4.543702848111349,5.042211467269664,2009 Q2,5.728827166666667,12.903025974373161,0.7,0.7920833491444235
NAIRU[48],4.777479365232438,4.399228396722551,5.180592571390539,4.540011799030302,5.030604675339274,2009 Q3,5.683132533333334,6.166011635755986,2.2,0.39370129593390146
NAIRU[49],4.770843617653957,4.389619222991939,5.174448447358108,4.529221821801768,5.022932893708727,2009 Q4,5.5577709,-12.760168444084918,0.6,0.782782862024689
NAIRU[50],4.7819722604287325,4.395089381372898,5.192389595541019,4.540326952539116,5.03832274422182,2010 Q1,5.328896833333333,-14.112877009846336,0.4,0.9699397088713368
NAIRU[51],4.757728713286296,4.370916515625156,5.164321120882109,4.51550566088464,5.013133724284893,2010 Q2,5.290768,-7.654007712233479,2.2,0.7692345623156349
NAIRU[52],4.728403890555357,4.339597440468206,5.137118252216404,4.4839045154073,4.983864755978805,2010 Q3,5.124878366666667,-3.0829158019901826,2.1,1.048127746758265
NAIRU[53],4.687517740758551,4.296873162827114,5.095745411448017,4.443680899151376,4.940759829362828,2010 Q4,5.090218133333333,-2.3438572972017013,1.4,1.037255881562249
NAIRU[54],4.6640214301705925,4.27278277804173,5.0658604512169765,4.418278413548581,4.915078114214445,2011 Q1,4.9673792,-4.185525773661247,0,0.9337135995940216
NAIRU[55],4.653188418684163,4.263988131882548,5.053850573394783,4.4052197120094485,4.9030454511561,2011 Q2,4.9630677,-5.84962066816086,2.3,0.740744127786197
NAIRU[56],4.631626317267598,4.240374846671157,5.038228310399769,4.3826528027862555,4.8858171593580275,2011 Q3,5.194879766666666,-5.760499194271507,1.5,0.8268306176947071
NAIRU[57],4.606218877534723,4.2085420824177575,5.017991381778809,4.353174411770107,4.862327951128578,2011 Q4,5.205116,0,0.2,1.001373866050237
NAIRU[58],4.571136684093685,4.167551509491607,4.984740690340555,4.31520135942198,4.829696720621936,2012 Q1,5.1413123,-2.2111453607431386,1.2,0.9914457057178083
NAIRU[59],4.537567498091903,4.135611847932639,4.955691482547249,4.283247794534461,4.80051721619784,2012 Q2,5.119095066666667,1.197619104671599,0.9,0.892863074430128
NAIRU[60],4.518478867960163,4.109155141189903,4.9430135927966665,4.260509465064588,4.781053721457323,2012 Q3,5.275867166666667,0,-0.2,0.7968169649177348
NAIRU[61],4.498523244100379,4.08158557083937,4.925179231855906,4.23523247131479,4.765221523448903,2012 Q4,5.366378533333333,-1.996074256253788,0.8,0.7029905928257918
NAIRU[62],4.482270063688507,4.051920960197807,4.9115917490466625,4.216053072556877,4.750665210099493,2013 Q1,5.4757147,0.708863727773501,-0.1,0.6980831141340182
NAIRU[63],4.467115271467167,4.035682795078525,4.902649955198988,4.194006909809046,4.7380605188333895,2013 Q2,5.631051,-0.5970166986504211,0.7,0.6068505836380744
NAIRU[64],4.4488975687985155,4.012095452350194,4.892671416937298,4.1747817834812215,4.722202053416165,2013 Q3,5.728568366666667,5.475463371835865,0.6,0.6031901097706793
NAIRU[65],4.41980835326487,3.9716007264962925,4.866901861638391,4.141366859206493,4.7024226496707,2013 Q4,5.8398981333333335,4.629088381435409,1.8,0.6849341845574841
NAIRU[66],4.387369223396544,3.9289570346915466,4.83837899883441,4.107754655091268,4.673983032593904,2014 Q1,5.898870633333334,7.669939312596341,0.3,0.7649846060403753
NAIRU[67],4.346989944556679,3.889091588019748,4.801050776287046,4.066601041485929,4.636086459058705,2014 Q2,5.9273562,4.964523048916547,0.8,0.5067578412305984
NAIRU[68],4.299296102296602,3.8349975518747983,4.7536883946812365,4.0115304326950945,4.585156195831438,2014 Q3,6.1702621,-0.19047624806542984,0.7,0.5879899342879469
NAIRU[69],4.247914404937264,3.781802529355355,4.703547845048485,3.961972028097871,4.534969672722121,2014 Q4,6.2530794,3.8702329019038473,0.8,0.5845528127435884
NAIRU[70],4.1992179848732425,3.7340308485611424,4.654745670357865,3.909221849439782,4.484992486769855,2015 Q1,6.203302166666667,4.923510299768541,-1.1,0.581155641477693
NAIRU[71],4.153959420382393,3.6861537399425837,4.610149696529832,3.8636681626024694,4.439068705488079,2015 Q2,6.0167187,6.346957394866681,0.6,0.4954593124683271
NAIRU[72],4.107434995519885,3.6462073129632255,4.55833448658909,3.8172002134450786,4.390816472269973,2015 Q3,6.179565333333334,9.97202349434545,1,0.5749502491260827
NAIRU[73],4.075713773641624,3.6138528094132116,4.519427760015146,3.7918417474482893,4.3600235565972065,2015 Q4,5.8343175,8.430710645999362,0.4,0.49019706002066954
NAIRU[74],4.048829428008883,3.5888623774584354,4.489077679762186,3.7638949816582046,4.329593703574085,2016 Q1,5.796893633333333,3.9254931018431805,-0.2,0.4878058453432921
NAIRU[75],4.039439699070968,3.5856428294732194,4.476069977925957,3.7590955808395208,4.316105033997427,2016 Q2,5.6870614999999995,2.2037031046728828,0.6,0.48543784647980814
NAIRU[76],4.031604236128274,3.5819322958813054,4.469730338893587,3.752390288706474,4.306972469718178,2016 Q3,5.658726533333334,-2.092491342424818,0.3,0.40273916699824497
NAIRU[77],4.024842537067306,3.5765100257902205,4.453042256411897,3.745967870657181,4.302358871114053,2016 Q4,5.7332262,-4.082199452025481,-0.6,0.4811556997222688
NAIRU[78],4.0254342288705205,3.5841598532424337,4.45082962938548,3.7511331896078963,4.298865306600225,2017 Q1,5.8083196,-3.3046485355948008,-0.5,0.5584378293900016
NAIRU[79],4.029046996544821,3.589180230689344,4.450141729282408,3.7548698419543016,4.297740746724142,2017 Q2,5.5925758000000005,-0.9636517848274018,0.9,0.4761913760243708
NAIRU[80],4.026557323116041,3.594259824846292,4.444637029278097,3.7596390024526962,4.292258934380385,2017 Q3,5.5341101,-1.5986130846302515,1,0.4739345363896419
NAIRU[81],4.032827989460323,3.6016272664063242,4.448159074978724,3.766079010132581,4.294617865681392,2017 Q4,5.491339666666667,-0.44424773195608225,0.8,0.5500996190347607
NAIRU[82],4.025385510177111,3.6002856881591985,4.4355858457312625,3.762805683593675,4.284456462492301,2018 Q1,5.5460239,-0.5319161477600254,0.7,0.46911735758801143
NAIRU[83],4.013945830383155,3.596271392361773,4.417609496769852,3.753675759492775,4.270511121657028,2018 Q2,5.4403123,0.4391750580978737,0,0.6220859875102569
NAIRU[84],4.005595481545386,3.5897845510247124,4.401720360875598,3.7489481568888485,4.25924786505833,2018 Q3,5.1876283,3.5183928124475905,0.8,0.6182399908317926
NAIRU[85],4.005258536490947,3.5933876246547745,4.394718347030425,3.7514091198673,4.252424530643317,2018 Q4,5.042911233333333,3.4999197780220648,1.3,0.5378422492758439
NAIRU[86],3.998369757174903,3.595349905533662,4.384018135940316,3.7476299864731146,4.2459463527047125,2019 Q1,5.042161233333333,3.2359622773336483,-0.1,0.5349649747239837
NAIRU[87],4.001394582198364,3.600826949781548,4.389776452831074,3.754452371769936,4.246279457378022,2019 Q2,5.224567733333333,2.851165052596638,2,0.6079046076382433
NAIRU[88],4.014660913477652,3.6127935501051867,4.406837032868821,3.7643846047658736,4.263426065208475,2019 Q3,5.256432566666667,2.3068088250274066,0.5,0.5289018751791552
NAIRU[89],4.036997377828472,3.6313297797237096,4.433867789597072,3.787886548870161,4.290149674360271,2019 Q4,5.1711290666666665,2.1268347403926136,1.3,0.5261192143361626
NAIRU[90],4.072868883019205,3.671665380416431,4.472373239910225,3.820441720488457,4.323243417095081,2020 Q1,5.1843763,2.4650631943442747,1.4,0.5233656806108655
NAIRU[91],4.095062990069775,3.6947360312663093,4.492351394200763,3.843233440037865,4.343671144550846,2020 Q2,6.9041982,3.843413733926049,5.9,0.2234637801416639
NAIRU[92],4.111472455559799,3.717491416585046,4.499609297348141,3.865695661304705,4.355116526644642,2020 Q3,7.058256933333333,-0.9333966790475046,-1.8,0.07437709528446135
NAIRU[93],4.111365304192237,3.7260893213207678,4.496818835110475,3.8697164625163403,4.351055866419867,2020 Q4,6.771440733333334,-2.2989518224698635,-0.2,0.5190964566970102
NAIRU[94],4.11095159058738,3.7375475489906664,4.48635530976749,3.8757283590365974,4.343734328500879,2021 Q1,5.928383266666667,-4.464260590811708,0.9,0.6634746048556295
NAIRU[95],4.121481080454373,3.755353055653929,4.484244199753389,3.893224694554856,4.348335642367027,2021 Q2,5.201759,-6.782259633876109,0.3,0.5130095531030499
NAIRU[96],4.126618109262408,3.7714344130424373,4.481726786391891,3.903129726958444,4.345865381000343,2021 Q3,4.672518066666667,1.1864545956192352,2.7,0.4376374599798005
NAIRU[97],4.1473030575886085,3.8061322957600305,4.496308867377807,3.931686851774881,4.367610795298375,2021 Q4,4.6923769,5.202515398928043,0.4,0.7251663395321017
NAIRU[98],4.165714907714886,3.839381614081508,4.512901795911767,3.956775977109083,4.381522311158164,2022 Q1,4.0556334,9.299286684916463,1.6,0.6481837602190232
NAIRU[99],4.186418413909003,3.869358203717525,4.529511577016646,3.985563070449504,4.398705701572527,2022 Q2,3.801785766666667,8.08520966290951,-0.7,0.7865610805951384
NAIRU[100],4.231653989510701,3.921808710786037,4.567051152473415,4.033423954251116,4.440164594940188,2022 Q3,3.5312898666666666,8.939550265436758,0.9,0.9922122506315745
NAIRU[101],4.275987548627571,3.972209547976447,4.614624663103302,4.081994830685786,4.485974777715297,2022 Q4,3.4913950666666667,8.687509078839728,0.1,0.9126072464377799
NAIRU[102],4.333114717619793,4.027427001122676,4.679301336416215,4.13966107060069,4.5488144411943665,2023 Q1,3.6161255,4.382547954002902,0.7,0.9043539896321562
NAIRU[103],4.34807206743272,4.042410810590747,4.695635694915465,4.153746864197687,4.560456306790466,2023 Q2,3.6082628666666667,6.271647386762602,0,0.827590930385913
NAIRU[104],4.362097035959591,4.051297205859011,4.714106626191625,4.16426967386348,4.576435961469825,2023 Q3,3.6589056666666666,1.3772214621226908,3.3,1.2965040017289375
NAIRU[105],4.363357355956591,4.046902654354336,4.711419517311736,4.160916081077276,4.578077446213258,2023 Q4,3.896382233333333,0.5979091056057761,2.2,1.0789045990818202
NAIRU[106],4.346508218139113,4.029976314192897,4.700649367266536,4.146463614927626,4.560791870907399,2024 Q1,3.9012506,1.0662705744040046,0.7,0.7350517559340908
NAIRU[107],4.355847988885776,4.035156354797592,4.720010807442933,4.148506601226589,4.572720896208323,2024 Q2,4.047912166666666,0.9077218151117172,0.6,0.8617885619389476
NAIRU[108],4.37770025193044,4.043401144969849,4.745123154184466,4.164794488983605,4.60476339104871,2024 Q3,4.124354933333334,1.1333706509849328,0.6,0.7889587275163201
NAIRU[109],4.3802998739379335,4.032945158509028,4.759984856463124,4.158469973524284,4.614758808638634,2024 Q4,4.003016266666667,0.4460973940624946,1.9,0.782782862024689
NAIRU[110],4.388964571663334,4.018788814200476,4.792958740626883,4.1527336629544385,4.640489319627456,2025 Q1,4.077463366666667,3.2056416116116537,0.9,0.9055689309808379
NAIRU[111],4.391423803946969,3.988242099293114,4.815399355816005,4.13660640510281,4.6565798311467574,2025 Q2,4.166977666666667,2.967576814611661,1.1,0.833605340206045
NAIRU[112],4.400773618047593,3.9735168907813883,4.8548954487882074,4.129693153359473,4.6840542906563405,2025 Q3,4.323938933333333,2.0818595756032288,0.8034404701107011,0.8216819404162113
>>>>>>> Stashed changes
=======
NAIRU[1],5.785610242832199,5.464648627974551,6.07400979162304,5.584007477938335,5.975377869031026,1997 Q4,7.976871933333333,6.3871470386661855,0.4,0.8968669982760247
NAIRU[2],5.835347395149759,5.497751624098492,6.150760374374656,5.623633585557561,6.039270771271995,1998 Q1,7.8403206,8.205906323515144,0,0.8888947417245774
NAIRU[3],5.887846330450922,5.53311474874335,6.223112175753284,5.667263727275509,6.104112931370578,1998 Q2,7.7336126,10.244080555449209,0.4,0.7347571630394789
NAIRU[4],5.937802169344165,5.574084685623551,6.292553633490039,5.7115354269943195,6.163436657101002,1998 Q3,7.7878253,11.102625319350423,3.1,0.729397836255341
NAIRU[5],5.974381466461551,5.601636164983881,6.344884317478314,5.741184175096481,6.205747001246691,1998 Q4,7.3745465999999995,6.51638942498538,0.2,0.7241161256559714
NAIRU[6],6.010585356572285,5.630664024697991,6.390481813529403,5.771232661549208,6.250784884763121,1999 Q1,7.0822801,3.2587647998844282,0.2,0.862074304390692
NAIRU[7],6.041637771088391,5.653341059457779,6.43554649230591,5.796643847822455,6.284910620628329,1999 Q2,6.885881366666666,-1.1469027348764982,1.6,0.712761392423289
NAIRU[8],6.082296040593826,5.688147332525617,6.483757381916608,5.83556079170295,6.33428530210413,1999 Q3,6.8740763,-5.666003356549165,0,0.7077170374084396
NAIRU[9],6.141017212387185,5.737922206049891,6.5544125851847115,5.885339620946245,6.4031726971342735,1999 Q4,6.633631266666667,-3.9118416595471217,0.9,0.7027435807457572
NAIRU[10],6.188332363727238,5.781679600965319,6.615353341447201,5.929748426036077,6.4606090935515255,2000 Q1,6.650682266666666,-2.0131970951924316,1.5,0.5586606708638975
NAIRU[11],6.238775843952292,5.827581281108296,6.680605413303648,5.975425459395074,6.518742976694352,2000 Q2,6.3018415999999995,4.170891253848286,-0.7,0.9702085806450711
NAIRU[12],6.277507645868386,5.850621100547849,6.72731081503675,6.0064737785629605,6.559083574410218,2000 Q3,5.989475933333333,5.919918008416758,1.6,0.8241804895104288
NAIRU[13],6.297114585348734,5.864577323134659,6.756421722360168,6.022666170180791,6.5871870514173745,2000 Q4,6.1718063999999995,8.981477240732882,3.1,0.95303648506934735
NAIRU[14],6.293494874180471,5.85991089057208,6.759659343606812,6.017300703039238,6.586055169269352,2001 Q1,6.366921866666667,8.228463259096674,2,0.944039377908723
NAIRU[15],6.283555811867998,5.848801059555898,6.753055500905867,6.004099981231113,6.581028948192576,2001 Q2,6.869281033333333,8.246203732647572,0.5,0.9352105570280322
NAIRU[16],6.256340412220522,5.822247363668333,6.721903797280942,5.975952130414921,6.54585322003134,2001 Q3,6.867468833333334,5.66886876816568,1.2,0.6626929487609345
NAIRU[17],6.222949019180282,5.790475497825059,6.688466676544893,5.946781296877392,6.514327918105717,2001 Q4,6.979271533333333,2.8755974987303645,1.4,0.7894777847007539
NAIRU[18],6.187314072601383,5.756705929038564,6.648931252970694,5.909492558245128,6.47660829626528,2002 Q1,6.626567866666667,1.9355442952956103,0.5,0.7832938221187469
NAIRU[19],6.132076969317059,5.709796094924538,6.590299565389064,5.8585160975210595,6.418981586357915,2002 Q2,6.404474766666667,-4.324132417319415,1.8,0.7772059847702906
NAIRU[20],6.078147498636197,5.657512151793253,6.533789933524043,5.804082577999836,6.366911881041712,2002 Q3,6.280212733333333,-2.753210339020118,0.8,0.8991711191963958
NAIRU[21],6.007320146698297,5.591496630611708,6.464804521354961,5.737068211147066,6.291584301016041,2002 Q4,6.1575767,-4.345011692652445,0,0.8911580300563493
NAIRU[22],5.954905001796601,5.539853009642716,6.405984428662568,5.689380439262399,6.236027914534283,2003 Q1,6.0556449,-4.659608729443221,0.5,1.0088357944340487
NAIRU[23],5.88393963900508,5.47620227660592,6.335618840822844,5.625778680240405,6.163848128787405,2003 Q2,6.050972933333333,-5.552309049921789,1.5,0.7500035156546403
NAIRU[24],5.814777747908476,5.408404992279497,6.257756348928745,5.556330437104628,6.0903411021505,2003 Q3,5.906948066666667,-8.031641781620547,1.3,0.8679533719723409
NAIRU[25],5.75121367165462,5.347792249125788,6.190967913667765,5.492271249511057,6.021840449988369,2003 Q4,5.708732366666667,-10.389959501815138,1.9,0.9828088936262525
NAIRU[26],5.68368898725587,5.284049274963004,6.118802440172051,5.430670829118791,5.95496676404923,2004 Q1,5.537008233333333,-11.98772772594987,0.9,0.8521049731933239
NAIRU[27],5.625551563781348,5.226296057026937,6.064989306794327,5.3746320431427765,5.894707986504938,2004 Q2,5.435607833333333,-6.52308022313326,1,0.8449054486527885
NAIRU[28],5.562489957101601,5.170422264943668,6.000080470722952,5.3129109732276225,5.8305775529327555,2004 Q3,5.4793238,-2.613938820303563,1.9,0.8378265645998084
NAIRU[29],5.507327825873799,5.115327031107038,5.938168469362268,5.253988659820432,5.771226379930252,2004 Q4,5.1174322,-2.0277192439150937,0.6,1.0669929324696348
NAIRU[30],5.444950620516389,5.052316689274273,5.8732105049025485,5.195147599430048,5.7083246870403865,2005 Q1,5.106875466666667,-0.5676458004804985,0.2,1.0557282805876866
NAIRU[31],5.396451848649942,5.005998332582504,5.82301567783514,5.14922102733777,5.657773709589161,2005 Q2,5.057009066666667,-2.6194201090823377,-0.1,1.0446989964655096
NAIRU[32],5.335264069112647,4.954792004310005,5.762366414923386,5.091972531839537,5.598681409374662,2005 Q3,4.958453066666666,-2.6841037524811817,2.4,0.9195467093100262
NAIRU[33],5.282259776968975,4.9033348842464175,5.708232014930893,5.040578750197575,5.544374304336067,2005 Q4,5.007769466666667,-1.0294896726862568,1.5,1.0244824948425268
NAIRU[34],5.231176731740847,4.851750716566361,5.6490460168915835,4.990739227928852,5.492396587688095,2006 Q1,5.044552666666666,1.1320875624481808,1.3,1.014093197604904
NAIRU[35],5.1984002888660115,4.820244360829949,5.620912215421629,4.960085554166551,5.459472067816229,2006 Q2,4.857195366666667,1.2246973609973288,0,1.0039125028328044
NAIRU[36],5.163956307073089,4.7888106955322565,5.581456462889151,4.921495566049349,5.421455205133879,2006 Q3,4.678258233333334,-0.7532992307544895,1.1,0.8839836569141113
NAIRU[37],5.141805143252,4.763549030471394,5.5609083190205535,4.899580006574552,5.398381714809686,2006 Q4,4.515391533333333,-1.5166167471410752,3.2,1.0941028178208967
NAIRU[38],5.096099740150574,4.7252315698044445,5.512535316249215,4.857540606373995,5.3554080942781255,2007 Q1,4.549659466666666,-2.2771382412477337,1.1,0.9745610430512919
NAIRU[39],5.054141447393473,4.6861748209495975,5.469352123788568,4.816693504960538,5.309137636823059,2007 Q2,4.324776,-4.011999378942566,1.9,1.071821622002389
NAIRU[40],5.019149517708291,4.655051937320765,5.432146312915295,4.785923524599438,5.274156966138268,2007 Q3,4.255168566666667,-4.050698427981736,1.2,1.0604553248797721
NAIRU[41],4.974562167143432,4.615754041501601,5.385991017876984,4.744096963505987,5.231779240717259,2007 Q4,4.353768033333333,-4.293342290860114,0.4,0.8403410796379518
NAIRU[42],4.935036460372455,4.572544746721259,5.341043002587408,4.7046627935614005,5.190763924728429,2008 Q1,4.085510833333333,-2.8225718064629035,0.5,1.0405921161116716
NAIRU[43],4.89315525311274,4.527697479055982,5.3033910342108275,4.661457395427308,5.1512170124634995,2008 Q2,4.258409866666667,-2.366974408590483,1.9,1.1322817830264675
NAIRU[44],4.859612115156208,4.487342699148584,5.269558234781884,4.623435899764821,5.114929324154707,2008 Q3,4.1849405,0.5888142625222414,0.5,1.1196045705085034
NAIRU[45],4.81382366658165,4.438557399468846,5.218777608513305,4.575612783439023,5.068588711449372,2008 Q4,4.4409917,15.997331929834147,0.8,0.9068072213969991
NAIRU[46],4.787607077550765,4.405119534029693,5.201900165427462,4.542815987889451,5.043908742706725,2009 Q1,5.307062133333333,17.60498742460772,-0.6,0.8986580697846414
NAIRU[47],4.787696080143727,4.398396319529846,5.198988486147278,4.541305640873686,5.04071010540831,2009 Q2,5.728827166666667,12.903025974373161,0.7,0.7920833491444235
NAIRU[48],4.777615958870673,4.39076777876632,5.185681521933961,4.53424369573716,5.0320454547789675,2009 Q3,5.683132533333334,6.166011635755986,2.2,0.39370129593390146
NAIRU[49],4.770385853016604,4.383290393859994,5.179815586996351,4.524453284314177,5.024652437668379,2009 Q4,5.5577709,-12.760168444084918,0.6,0.782782862024689
NAIRU[50],4.782954569193567,4.39594248061131,5.191362898697963,4.538661241390565,5.040509480959011,2010 Q1,5.328896833333333,-14.112877009846336,0.4,0.9699397088713368
NAIRU[51],4.7588196341204,4.372250483671965,5.16535978261879,4.514065376477526,5.017229517466019,2010 Q2,5.290768,-7.654007712233479,2.2,0.7692345623156349
NAIRU[52],4.728558394754277,4.338570902081339,5.133790147417988,4.482937738859615,4.987120252534204,2010 Q3,5.124878366666667,-3.0829158019901826,2.1,1.048127746758265
NAIRU[53],4.688837061829727,4.2952446275744585,5.095953761676876,4.439410818207297,4.944077625524151,2010 Q4,5.090218133333333,-2.3438572972017013,1.4,1.037255881562249
NAIRU[54],4.666364131361801,4.268277353370956,5.071859031261517,4.415332302734067,4.921109338413578,2011 Q1,4.9673792,-4.185525773661247,0,0.9337135995940216
NAIRU[55],4.655966173942595,4.263143001307693,5.05926906294002,4.406531387566744,4.905686212338589,2011 Q2,4.9630677,-5.84962066816086,2.3,0.740744127786197
NAIRU[56],4.634741904717357,4.2411959151385865,5.0428981648479265,4.384816988541221,4.885830546343678,2011 Q3,5.194879766666666,-5.760499194271507,1.5,0.8268306176947071
NAIRU[57],4.610910053073832,4.205630777008307,5.023563793329516,4.35848782103577,4.864169971165491,2011 Q4,5.205116,0,0.2,1.001373866050237
NAIRU[58],4.577121201150362,4.168300726232373,4.988494873940316,4.323072991855291,4.832085197118936,2012 Q1,5.1413123,-2.2111453607431386,1.2,0.9914457057178083
NAIRU[59],4.54548201363804,4.131200759907968,4.952663758087977,4.28675497089367,4.800813388069172,2012 Q2,5.119095066666667,1.197619104671599,0.9,0.892863074430128
NAIRU[60],4.525850175063978,4.1031976714843,4.9360830784258845,4.261166003923939,4.784200251786959,2012 Q3,5.275867166666667,0,-0.2,0.7968169649177348
NAIRU[61],4.502281034996084,4.077412327283792,4.917755178745649,4.2352533788827245,4.766151694347573,2012 Q4,5.366378533333333,-1.996074256253788,0.8,0.7029905928257918
NAIRU[62],4.486421260878009,4.052362544118528,4.905392676117949,4.215463131155768,4.7535955649841615,2013 Q1,5.4757147,0.708863727773501,-0.1,0.6980831141340182
NAIRU[63],4.473186240621759,4.02618275958399,4.897142639592888,4.195024057520586,4.7426684787782225,2013 Q2,5.631051,-0.5970166986504211,0.7,0.6068505836380744
NAIRU[64],4.454122084173555,4.00081231833958,4.886771050969746,4.172948906315016,4.729190118333392,2013 Q3,5.728568366666667,5.475463371835865,0.6,0.6031901097706793
NAIRU[65],4.4230043070939775,3.960807846750388,4.862982397458674,4.1373272267565495,4.700347527627908,2013 Q4,5.8398981333333335,4.629088381435409,1.8,0.6849341845574841
NAIRU[66],4.389097351621702,3.921021482657583,4.8336054018423,4.10120104088954,4.671483222184603,2014 Q1,5.898870633333334,7.669939312596341,0.3,0.7649846060403753
NAIRU[67],4.3497300131366305,3.8773495017331343,4.796169046285,4.0580373261178915,4.633082063740686,2014 Q2,5.9273562,4.964523048916547,0.8,0.5067578412305984
NAIRU[68],4.298948975499881,3.826095629737825,4.746534962769707,4.0079152711878,4.584800832339358,2014 Q3,6.1702621,-0.19047624806542984,0.7,0.5879899342879469
NAIRU[69],4.247953501722732,3.7678415264445073,4.699519362542783,3.9540433613013093,4.534869762903926,2014 Q4,6.2530794,3.8702329019038473,0.8,0.5845528127435884
NAIRU[70],4.199850222163885,3.720052583381804,4.645250599459083,3.9028421056394254,4.4818774051347425,2015 Q1,6.203302166666667,4.923510299768541,-1.1,0.581155641477693
NAIRU[71],4.151942711432305,3.6767465454892183,4.592185397504846,3.8605583428213155,4.432568619182824,2015 Q2,6.0167187,6.346957394866681,0.6,0.4954593124683271
NAIRU[72],4.108592542241498,3.6357367373145717,4.546115919886779,3.8161027307595954,4.387494303145991,2015 Q3,6.179565333333334,9.97202349434545,1,0.5749502491260827
NAIRU[73],4.073074886808863,3.603304917682487,4.5093502332315705,3.784742542338634,4.351527380982767,2015 Q4,5.8343175,8.430710645999362,0.4,0.49019706002066954
NAIRU[74],4.0465040387428175,3.5830856395021495,4.474128512404406,3.7589113350983716,4.3187274267940206,2016 Q1,5.796893633333333,3.9254931018431805,-0.2,0.4878058453432921
NAIRU[75],4.037644600673153,3.5767082818447458,4.4654593310042054,3.756925307673389,4.308485691438844,2016 Q2,5.6870614999999995,2.2037031046728828,0.6,0.48543784647980814
NAIRU[76],4.029046543654093,3.565321812541288,4.450302921718098,3.7456351244379746,4.295185463409137,2016 Q3,5.658726533333334,-2.092491342424818,0.3,0.40273916699824497
NAIRU[77],4.021542827996954,3.5698279513469062,4.4378953196252295,3.7422895656899366,4.286177769117382,2016 Q4,5.7332262,-4.082199452025481,-0.6,0.4811556997222688
NAIRU[78],4.023352828196895,3.57937320695041,4.4340272378201,3.7457007195853436,4.287078458563728,2017 Q1,5.8083196,-3.3046485355948008,-0.5,0.5584378293900016
NAIRU[79],4.024894041504522,3.5836977911366157,4.434433861644178,3.7495966266535232,4.287215951951438,2017 Q2,5.5925758000000005,-0.9636517848274018,0.9,0.4761913760243708
NAIRU[80],4.023830237810956,3.5918415629747793,4.431659473517457,3.7541688479671325,4.280441471560229,2017 Q3,5.5341101,-1.5986130846302515,1,0.4739345363896419
NAIRU[81],4.028203796657575,3.6024679159011237,4.43483859213139,3.7614510516796456,4.281837417695978,2017 Q4,5.491339666666667,-0.44424773195608225,0.8,0.5500996190347607
NAIRU[82],4.020409882100626,3.601023425405831,4.42247070146362,3.7582096734085084,4.27042218274376,2018 Q1,5.5460239,-0.5319161477600254,0.7,0.46911735758801143
NAIRU[83],4.007029332546486,3.5901865451557926,4.403438073830802,3.7475039220443978,4.25831068092542,2018 Q2,5.4403123,0.4391750580978737,0,0.6220859875102569
NAIRU[84],3.9996199707160214,3.5932751133413015,4.390384758354048,3.7485276293868117,4.247920636522175,2018 Q3,5.1876283,3.5183928124475905,0.8,0.6182399908317926
NAIRU[85],3.9963103215117854,3.593414040356022,4.386807106129813,3.7476747006432847,4.244200501238214,2018 Q4,5.042911233333333,3.4999197780220648,1.3,0.5378422492758439
NAIRU[86],3.9908419353581994,3.594833138977886,4.375848337060359,3.7445872486740046,4.237430707794786,2019 Q1,5.042161233333333,3.2359622773336483,-0.1,0.5349649747239837
NAIRU[87],3.9967519914060987,3.5979593308518507,4.373900627949688,3.7507707819315854,4.238678168158485,2019 Q2,5.224567733333333,2.851165052596638,2,0.6079046076382433
NAIRU[88],4.008974747248678,3.617800025007282,4.394291740326607,3.7634528221514563,4.253241921803376,2019 Q3,5.256432566666667,2.3068088250274066,0.5,0.5289018751791552
NAIRU[89],4.032759015595856,3.6370517549280352,4.417804097695869,3.786311803006278,4.278026857296181,2019 Q4,5.1711290666666665,2.1268347403926136,1.3,0.5261192143361626
NAIRU[90],4.066805234393823,3.6697973616853727,4.4553673544857,3.8205081662774485,4.31535952474524,2020 Q1,5.1843763,2.4650631943442747,1.4,0.5233656806108655
NAIRU[91],4.091425764500998,3.6950053647870713,4.477570224119712,3.8447844557144464,4.335213422414364,2020 Q2,6.9041982,3.843413733926049,5.9,0.2234637801416639
NAIRU[92],4.105225801059481,3.7208635529963394,4.489638450929961,3.866420017825649,4.3474108830495855,2020 Q3,7.058256933333333,-0.9333966790475046,-1.8,0.07437709528446135
NAIRU[93],4.106714871607224,3.726695077076026,4.486939331754534,3.868059482353262,4.346886843912941,2020 Q4,6.771440733333334,-2.2989518224698635,-0.2,0.5190964566970102
NAIRU[94],4.109412342533458,3.73550606255379,4.482327014563087,3.8758425403072345,4.343362760712116,2021 Q1,5.928383266666667,-4.464260590811708,0.9,0.6634746048556295
NAIRU[95],4.1202914131719,3.759182579916344,4.483421670022949,3.8911539706265548,4.348257481338469,2021 Q2,5.201759,-6.782259633876109,0.3,0.5130095531030499
NAIRU[96],4.124991497028635,3.7736036645893978,4.4848611518770465,3.9068101777092545,4.348215663897233,2021 Q3,4.672518066666667,1.1864545956192352,2.7,0.4376374599798005
NAIRU[97],4.150254459099437,3.807992383853853,4.5044559224714975,3.933376745921729,4.367176213192359,2021 Q4,4.6923769,5.202515398928043,0.4,0.7251663395321017
NAIRU[98],4.169064819203576,3.8453147228196656,4.512290537497141,3.9629978531693806,4.383432496346788,2022 Q1,4.0556334,9.299286684916463,1.6,0.6481837602190232
NAIRU[99],4.190300337342279,3.8766107787770103,4.533143223524417,3.990100664356632,4.401405509974726,2022 Q2,3.801785766666667,8.08520966290951,-0.7,0.7865610805951384
NAIRU[100],4.233656662647066,3.9256671524010875,4.575040921675038,4.036887219444054,4.444220115063155,2022 Q3,3.5312898666666666,8.939550265436758,0.9,0.9922122506315745
NAIRU[101],4.2778194725780025,3.9745024645995817,4.626563208272003,4.081496526820732,4.491408674495706,2022 Q4,3.4913950666666667,8.687509078839728,0.1,0.9126072464377799
NAIRU[102],4.336269677769239,4.034085656456587,4.685327446967049,4.141138631833636,4.554218510305604,2023 Q1,3.6161255,4.382547954002902,0.7,0.9043539896321562
NAIRU[103],4.352285566699114,4.049008968749683,4.698342453009229,4.155207527793105,4.565999219942207,2023 Q2,3.6082628666666667,6.271647386762602,0,0.827590930385913
NAIRU[104],4.3643641284270025,4.057958421210868,4.713621222963722,4.165857327144102,4.581900595002898,2023 Q3,3.6589056666666666,1.3772214621226908,3.3,1.2965040017289375
NAIRU[105],4.363894092277984,4.056458655763136,4.724828173568378,4.164597991032645,4.585308686257999,2023 Q4,3.896382233333333,0.5979091056057761,2.2,1.0789045990818202
NAIRU[106],4.349796367320757,4.034561886681538,4.711792659208159,4.149986153678685,4.570175487046364,2024 Q1,3.9012506,1.0662705744040046,0.7,0.7350517559340908
NAIRU[107],4.357770353496352,4.035061371018855,4.726108432146899,4.154264187009262,4.582089782226747,2024 Q2,4.047912166666666,0.9077218151117172,0.6,0.8617885619389476
NAIRU[108],4.381084946845686,4.05010129723183,4.75993237315955,4.170971200044015,4.611124943076175,2024 Q3,4.124354933333334,1.1333706509849328,0.6,0.7889587275163201
NAIRU[109],4.38316194357232,4.038462408923399,4.778860338580579,4.164573777287911,4.62556043366828,2024 Q4,4.003016266666667,0.4460973940624946,1.9,0.782782862024689
NAIRU[110],4.39571821772841,4.020295814494203,4.814196458627034,4.158752896453486,4.652690408769102,2025 Q1,4.077463366666667,3.2056416116116537,0.9,0.9055689309808379
NAIRU[111],4.396623588164253,3.996371765580047,4.838164551809348,4.146358900657363,4.667945778156208,2025 Q2,4.166977666666667,2.967576814611661,1.1,0.833605340206045
NAIRU[112],4.405972089307275,3.985017905632492,4.874630474919771,4.138046846293236,4.694453328726824,2025 Q3,4.323938933333333,2.0818595756032288,0.8105433141874621,0.8241782093766804
>>>>>>> Stashed changes
